Model,Anchor,Anchor Shape,Anchor Texture,Shape Match,Texture Match,Metric,Shape Distance,Texture Distance,Shape Match Closer,Texture Match Closer
resnet50,bicycle4-cat1,bicycle4,cat1,bicycle4-boat1,car5-cat1,dot,725.0075073242188,765.7902221679688,0,1
resnet50,bicycle4-cat1,bicycle4,cat1,bicycle4-boat1,car9-cat1,dot,725.0075073242188,834.5657958984375,0,1
resnet50,bicycle4-cat1,bicycle4,cat1,bicycle4-boat1,car8-cat1,dot,725.0075073242188,798.4428100585938,0,1
resnet50,bicycle4-cat1,bicycle4,cat1,bicycle4-boat1,dog2-cat1,dot,725.0075073242188,760.7796020507812,0,1
resnet50,bicycle4-cat1,bicycle4,cat1,bicycle4-boat1,dog9-cat1,dot,725.0075073242188,759.0296020507812,0,1
resnet50,bicycle4-cat1,bicycle4,cat1,bicycle4-boat1,dog6-cat1,dot,725.0075073242188,730.1156005859375,0,1
resnet50,bicycle4-cat1,bicycle4,cat1,bicycle4-boat1,bear3-cat1,dot,725.0075073242188,685.9102783203125,1,0
resnet50,bicycle4-cat1,bicycle4,cat1,bicycle4-boat1,boat6-cat1,dot,725.0075073242188,831.147216796875,0,1
resnet50,bicycle4-cat1,bicycle4,cat1,bicycle4-boat1,boat10-cat1,dot,725.0075073242188,762.3347778320312,0,1
resnet50,bicycle4-cat1,bicycle4,cat1,bicycle4-boat1,oven7-cat1,dot,725.0075073242188,792.9345703125,0,1
resnet50,bicycle4-cat1,bicycle4,cat1,bicycle4-boat1,oven1-cat1,dot,725.0075073242188,764.19775390625,0,1
resnet50,bicycle4-cat1,bicycle4,cat1,bicycle4-boat1,chair10-cat1,dot,725.0075073242188,753.3768310546875,0,1
resnet50,bicycle4-cat1,bicycle4,cat1,bicycle4-boat1,chair7-cat1,dot,725.0075073242188,728.6755981445312,0,1
resnet50,bicycle4-cat1,bicycle4,cat1,bicycle4-boat1,truck1-cat1,dot,725.0075073242188,762.9546508789062,0,1
resnet50,bicycle4-cat1,bicycle4,cat1,bicycle4-boat1,truck3-cat1,dot,725.0075073242188,766.099853515625,0,1
resnet50,bicycle4-cat1,bicycle4,cat1,bicycle4-boat1,bird10-cat1,dot,725.0075073242188,770.0303955078125,0,1
resnet50,bicycle4-cat1,bicycle4,cat1,bicycle4-boat1,bird3-cat1,dot,725.0075073242188,792.2242431640625,0,1
resnet50,bicycle4-cat1,bicycle4,cat1,bicycle4-boat1,airplane3-cat1,dot,725.0075073242188,812.0736694335938,0,1
resnet50,bicycle4-cat1,bicycle4,cat1,bicycle4-boat1,airplane2-cat1,dot,725.0075073242188,921.7531127929688,0,1
resnet50,bicycle4-cat1,bicycle4,cat1,bicycle4-boat1,bicycle5-cat1,dot,725.0075073242188,981.7202758789062,0,1
resnet50,bicycle4-cat1,bicycle4,cat1,bicycle4-boat1,bicycle7-cat1,dot,725.0075073242188,1022.725341796875,0,1
resnet50,bicycle4-cat1,bicycle4,cat1,bicycle4-boat1,bicycle6-cat1,dot,725.0075073242188,835.8501586914062,0,1
resnet50,bicycle4-cat1,bicycle4,cat1,bicycle4-boat1,bottle5-cat1,dot,725.0075073242188,737.2725830078125,0,1
resnet50,bicycle4-cat1,bicycle4,cat1,bicycle4-boat1,keyboard5-cat1,dot,725.0075073242188,710.957275390625,1,0
resnet50,bicycle4-cat1,bicycle4,cat1,bicycle4-boat1,keyboard3-cat1,dot,725.0075073242188,768.642822265625,0,1
resnet50,bicycle4-cat1,bicycle4,cat1,bicycle4-boat1,keyboard9-cat1,dot,725.0075073242188,716.9230346679688,1,0
resnet50,bicycle4-cat1,bicycle4,cat1,bicycle4-boat1,clock3-cat1,dot,725.0075073242188,822.45751953125,0,1
resnet50,bicycle4-cat1,bicycle4,cat1,bicycle4-boat1,clock9-cat1,dot,725.0075073242188,856.7943115234375,0,1
resnet50,bicycle4-cat1,bicycle4,cat1,bicycle4-boat1,clock8-cat1,dot,725.0075073242188,782.0850830078125,0,1
resnet50,bicycle4-cat1,bicycle4,cat1,bicycle4-boat1,clock10-cat1,dot,725.0075073242188,754.4075927734375,0,1
resnet50,bicycle4-cat1,bicycle4,cat1,bicycle4-boat1,knife3-cat1,dot,725.0075073242188,847.4182739257812,0,1
resnet50,bicycle4-cat1,bicycle4,cat1,bicycle4-boat1,elephant7-cat1,dot,725.0075073242188,742.43115234375,0,1
resnet50,bicycle4-cat1,bicycle4,cat1,bicycle4-boat1,elephant8-cat1,dot,725.0075073242188,746.37744140625,0,1
resnet50,bicycle4-cat1,bicycle4,cat1,bicycle4-boat1,elephant2-cat1,dot,725.0075073242188,789.4619750976562,0,1
resnet50,bicycle4-cat1,bicycle4,cat1,bicycle4-airplane1,car5-cat1,dot,730.212158203125,765.7902221679688,0,1
resnet50,bicycle4-cat1,bicycle4,cat1,bicycle4-airplane1,car9-cat1,dot,730.212158203125,834.5657958984375,0,1
resnet50,bicycle4-cat1,bicycle4,cat1,bicycle4-airplane1,car8-cat1,dot,730.212158203125,798.4428100585938,0,1
resnet50,bicycle4-cat1,bicycle4,cat1,bicycle4-airplane1,dog2-cat1,dot,730.212158203125,760.7796020507812,0,1
resnet50,bicycle4-cat1,bicycle4,cat1,bicycle4-airplane1,dog9-cat1,dot,730.212158203125,759.0296020507812,0,1
resnet50,bicycle4-cat1,bicycle4,cat1,bicycle4-airplane1,dog6-cat1,dot,730.212158203125,730.1156005859375,1,0
resnet50,bicycle4-cat1,bicycle4,cat1,bicycle4-airplane1,bear3-cat1,dot,730.212158203125,685.9102783203125,1,0
resnet50,bicycle4-cat1,bicycle4,cat1,bicycle4-airplane1,boat6-cat1,dot,730.212158203125,831.147216796875,0,1
resnet50,bicycle4-cat1,bicycle4,cat1,bicycle4-airplane1,boat10-cat1,dot,730.212158203125,762.3347778320312,0,1
resnet50,bicycle4-cat1,bicycle4,cat1,bicycle4-airplane1,oven7-cat1,dot,730.212158203125,792.9345703125,0,1
resnet50,bicycle4-cat1,bicycle4,cat1,bicycle4-airplane1,oven1-cat1,dot,730.212158203125,764.19775390625,0,1
resnet50,bicycle4-cat1,bicycle4,cat1,bicycle4-airplane1,chair10-cat1,dot,730.212158203125,753.3768310546875,0,1
resnet50,bicycle4-cat1,bicycle4,cat1,bicycle4-airplane1,chair7-cat1,dot,730.212158203125,728.6755981445312,1,0
resnet50,bicycle4-cat1,bicycle4,cat1,bicycle4-airplane1,truck1-cat1,dot,730.212158203125,762.9546508789062,0,1
resnet50,bicycle4-cat1,bicycle4,cat1,bicycle4-airplane1,truck3-cat1,dot,730.212158203125,766.099853515625,0,1
resnet50,bicycle4-cat1,bicycle4,cat1,bicycle4-airplane1,bird10-cat1,dot,730.212158203125,770.0303955078125,0,1
resnet50,bicycle4-cat1,bicycle4,cat1,bicycle4-airplane1,bird3-cat1,dot,730.212158203125,792.2242431640625,0,1
resnet50,bicycle4-cat1,bicycle4,cat1,bicycle4-airplane1,airplane3-cat1,dot,730.212158203125,812.0736694335938,0,1
resnet50,bicycle4-cat1,bicycle4,cat1,bicycle4-airplane1,airplane2-cat1,dot,730.212158203125,921.7531127929688,0,1
resnet50,bicycle4-cat1,bicycle4,cat1,bicycle4-airplane1,bicycle5-cat1,dot,730.212158203125,981.7202758789062,0,1
resnet50,bicycle4-cat1,bicycle4,cat1,bicycle4-airplane1,bicycle7-cat1,dot,730.212158203125,1022.725341796875,0,1
resnet50,bicycle4-cat1,bicycle4,cat1,bicycle4-airplane1,bicycle6-cat1,dot,730.212158203125,835.8501586914062,0,1
resnet50,bicycle4-cat1,bicycle4,cat1,bicycle4-airplane1,bottle5-cat1,dot,730.212158203125,737.2725830078125,0,1
resnet50,bicycle4-cat1,bicycle4,cat1,bicycle4-airplane1,keyboard5-cat1,dot,730.212158203125,710.957275390625,1,0
resnet50,bicycle4-cat1,bicycle4,cat1,bicycle4-airplane1,keyboard3-cat1,dot,730.212158203125,768.642822265625,0,1
resnet50,bicycle4-cat1,bicycle4,cat1,bicycle4-airplane1,keyboard9-cat1,dot,730.212158203125,716.9230346679688,1,0
resnet50,bicycle4-cat1,bicycle4,cat1,bicycle4-airplane1,clock3-cat1,dot,730.212158203125,822.45751953125,0,1
resnet50,bicycle4-cat1,bicycle4,cat1,bicycle4-airplane1,clock9-cat1,dot,730.212158203125,856.7943115234375,0,1
resnet50,bicycle4-cat1,bicycle4,cat1,bicycle4-airplane1,clock8-cat1,dot,730.212158203125,782.0850830078125,0,1
resnet50,bicycle4-cat1,bicycle4,cat1,bicycle4-airplane1,clock10-cat1,dot,730.212158203125,754.4075927734375,0,1
resnet50,bicycle4-cat1,bicycle4,cat1,bicycle4-airplane1,knife3-cat1,dot,730.212158203125,847.4182739257812,0,1
resnet50,bicycle4-cat1,bicycle4,cat1,bicycle4-airplane1,elephant7-cat1,dot,730.212158203125,742.43115234375,0,1
resnet50,bicycle4-cat1,bicycle4,cat1,bicycle4-airplane1,elephant8-cat1,dot,730.212158203125,746.37744140625,0,1
resnet50,bicycle4-cat1,bicycle4,cat1,bicycle4-airplane1,elephant2-cat1,dot,730.212158203125,789.4619750976562,0,1
resnet50,bicycle4-cat1,bicycle4,cat1,bicycle4-car2,car5-cat1,dot,786.9488525390625,765.7902221679688,1,0
resnet50,bicycle4-cat1,bicycle4,cat1,bicycle4-car2,car9-cat1,dot,786.9488525390625,834.5657958984375,0,1
resnet50,bicycle4-cat1,bicycle4,cat1,bicycle4-car2,car8-cat1,dot,786.9488525390625,798.4428100585938,0,1
resnet50,bicycle4-cat1,bicycle4,cat1,bicycle4-car2,dog2-cat1,dot,786.9488525390625,760.7796020507812,1,0
resnet50,bicycle4-cat1,bicycle4,cat1,bicycle4-car2,dog9-cat1,dot,786.9488525390625,759.0296020507812,1,0
resnet50,bicycle4-cat1,bicycle4,cat1,bicycle4-car2,dog6-cat1,dot,786.9488525390625,730.1156005859375,1,0
resnet50,bicycle4-cat1,bicycle4,cat1,bicycle4-car2,bear3-cat1,dot,786.9488525390625,685.9102783203125,1,0
resnet50,bicycle4-cat1,bicycle4,cat1,bicycle4-car2,boat6-cat1,dot,786.9488525390625,831.147216796875,0,1
resnet50,bicycle4-cat1,bicycle4,cat1,bicycle4-car2,boat10-cat1,dot,786.9488525390625,762.3347778320312,1,0
resnet50,bicycle4-cat1,bicycle4,cat1,bicycle4-car2,oven7-cat1,dot,786.9488525390625,792.9345703125,0,1
resnet50,bicycle4-cat1,bicycle4,cat1,bicycle4-car2,oven1-cat1,dot,786.9488525390625,764.19775390625,1,0
resnet50,bicycle4-cat1,bicycle4,cat1,bicycle4-car2,chair10-cat1,dot,786.9488525390625,753.3768310546875,1,0
resnet50,bicycle4-cat1,bicycle4,cat1,bicycle4-car2,chair7-cat1,dot,786.9488525390625,728.6755981445312,1,0
resnet50,bicycle4-cat1,bicycle4,cat1,bicycle4-car2,truck1-cat1,dot,786.9488525390625,762.9546508789062,1,0
resnet50,bicycle4-cat1,bicycle4,cat1,bicycle4-car2,truck3-cat1,dot,786.9488525390625,766.099853515625,1,0
resnet50,bicycle4-cat1,bicycle4,cat1,bicycle4-car2,bird10-cat1,dot,786.9488525390625,770.0303955078125,1,0
resnet50,bicycle4-cat1,bicycle4,cat1,bicycle4-car2,bird3-cat1,dot,786.9488525390625,792.2242431640625,0,1
resnet50,bicycle4-cat1,bicycle4,cat1,bicycle4-car2,airplane3-cat1,dot,786.9488525390625,812.0736694335938,0,1
resnet50,bicycle4-cat1,bicycle4,cat1,bicycle4-car2,airplane2-cat1,dot,786.9488525390625,921.7531127929688,0,1
resnet50,bicycle4-cat1,bicycle4,cat1,bicycle4-car2,bicycle5-cat1,dot,786.9488525390625,981.7202758789062,0,1
resnet50,bicycle4-cat1,bicycle4,cat1,bicycle4-car2,bicycle7-cat1,dot,786.9488525390625,1022.725341796875,0,1
resnet50,bicycle4-cat1,bicycle4,cat1,bicycle4-car2,bicycle6-cat1,dot,786.9488525390625,835.8501586914062,0,1
resnet50,bicycle4-cat1,bicycle4,cat1,bicycle4-car2,bottle5-cat1,dot,786.9488525390625,737.2725830078125,1,0
resnet50,bicycle4-cat1,bicycle4,cat1,bicycle4-car2,keyboard5-cat1,dot,786.9488525390625,710.957275390625,1,0
resnet50,bicycle4-cat1,bicycle4,cat1,bicycle4-car2,keyboard3-cat1,dot,786.9488525390625,768.642822265625,1,0
resnet50,bicycle4-cat1,bicycle4,cat1,bicycle4-car2,keyboard9-cat1,dot,786.9488525390625,716.9230346679688,1,0
resnet50,bicycle4-cat1,bicycle4,cat1,bicycle4-car2,clock3-cat1,dot,786.9488525390625,822.45751953125,0,1
resnet50,bicycle4-cat1,bicycle4,cat1,bicycle4-car2,clock9-cat1,dot,786.9488525390625,856.7943115234375,0,1
resnet50,bicycle4-cat1,bicycle4,cat1,bicycle4-car2,clock8-cat1,dot,786.9488525390625,782.0850830078125,1,0
resnet50,bicycle4-cat1,bicycle4,cat1,bicycle4-car2,clock10-cat1,dot,786.9488525390625,754.4075927734375,1,0
resnet50,bicycle4-cat1,bicycle4,cat1,bicycle4-car2,knife3-cat1,dot,786.9488525390625,847.4182739257812,0,1
resnet50,bicycle4-cat1,bicycle4,cat1,bicycle4-car2,elephant7-cat1,dot,786.9488525390625,742.43115234375,1,0
resnet50,bicycle4-cat1,bicycle4,cat1,bicycle4-car2,elephant8-cat1,dot,786.9488525390625,746.37744140625,1,0
resnet50,bicycle4-cat1,bicycle4,cat1,bicycle4-car2,elephant2-cat1,dot,786.9488525390625,789.4619750976562,0,1
resnet50,bicycle4-cat1,bicycle4,cat1,bicycle4-truck3,car5-cat1,dot,833.1239624023438,765.7902221679688,1,0
resnet50,bicycle4-cat1,bicycle4,cat1,bicycle4-truck3,car9-cat1,dot,833.1239624023438,834.5657958984375,0,1
resnet50,bicycle4-cat1,bicycle4,cat1,bicycle4-truck3,car8-cat1,dot,833.1239624023438,798.4428100585938,1,0
resnet50,bicycle4-cat1,bicycle4,cat1,bicycle4-truck3,dog2-cat1,dot,833.1239624023438,760.7796020507812,1,0
resnet50,bicycle4-cat1,bicycle4,cat1,bicycle4-truck3,dog9-cat1,dot,833.1239624023438,759.0296020507812,1,0
resnet50,bicycle4-cat1,bicycle4,cat1,bicycle4-truck3,dog6-cat1,dot,833.1239624023438,730.1156005859375,1,0
resnet50,bicycle4-cat1,bicycle4,cat1,bicycle4-truck3,bear3-cat1,dot,833.1239624023438,685.9102783203125,1,0
resnet50,bicycle4-cat1,bicycle4,cat1,bicycle4-truck3,boat6-cat1,dot,833.1239624023438,831.147216796875,1,0
resnet50,bicycle4-cat1,bicycle4,cat1,bicycle4-truck3,boat10-cat1,dot,833.1239624023438,762.3347778320312,1,0
resnet50,bicycle4-cat1,bicycle4,cat1,bicycle4-truck3,oven7-cat1,dot,833.1239624023438,792.9345703125,1,0
resnet50,bicycle4-cat1,bicycle4,cat1,bicycle4-truck3,oven1-cat1,dot,833.1239624023438,764.19775390625,1,0
resnet50,bicycle4-cat1,bicycle4,cat1,bicycle4-truck3,chair10-cat1,dot,833.1239624023438,753.3768310546875,1,0
resnet50,bicycle4-cat1,bicycle4,cat1,bicycle4-truck3,chair7-cat1,dot,833.1239624023438,728.6755981445312,1,0
resnet50,bicycle4-cat1,bicycle4,cat1,bicycle4-truck3,truck1-cat1,dot,833.1239624023438,762.9546508789062,1,0
resnet50,bicycle4-cat1,bicycle4,cat1,bicycle4-truck3,truck3-cat1,dot,833.1239624023438,766.099853515625,1,0
resnet50,bicycle4-cat1,bicycle4,cat1,bicycle4-truck3,bird10-cat1,dot,833.1239624023438,770.0303955078125,1,0
resnet50,bicycle4-cat1,bicycle4,cat1,bicycle4-truck3,bird3-cat1,dot,833.1239624023438,792.2242431640625,1,0
resnet50,bicycle4-cat1,bicycle4,cat1,bicycle4-truck3,airplane3-cat1,dot,833.1239624023438,812.0736694335938,1,0
resnet50,bicycle4-cat1,bicycle4,cat1,bicycle4-truck3,airplane2-cat1,dot,833.1239624023438,921.7531127929688,0,1
resnet50,bicycle4-cat1,bicycle4,cat1,bicycle4-truck3,bicycle5-cat1,dot,833.1239624023438,981.7202758789062,0,1
resnet50,bicycle4-cat1,bicycle4,cat1,bicycle4-truck3,bicycle7-cat1,dot,833.1239624023438,1022.725341796875,0,1
resnet50,bicycle4-cat1,bicycle4,cat1,bicycle4-truck3,bicycle6-cat1,dot,833.1239624023438,835.8501586914062,0,1
resnet50,bicycle4-cat1,bicycle4,cat1,bicycle4-truck3,bottle5-cat1,dot,833.1239624023438,737.2725830078125,1,0
resnet50,bicycle4-cat1,bicycle4,cat1,bicycle4-truck3,keyboard5-cat1,dot,833.1239624023438,710.957275390625,1,0
resnet50,bicycle4-cat1,bicycle4,cat1,bicycle4-truck3,keyboard3-cat1,dot,833.1239624023438,768.642822265625,1,0
resnet50,bicycle4-cat1,bicycle4,cat1,bicycle4-truck3,keyboard9-cat1,dot,833.1239624023438,716.9230346679688,1,0
resnet50,bicycle4-cat1,bicycle4,cat1,bicycle4-truck3,clock3-cat1,dot,833.1239624023438,822.45751953125,1,0
resnet50,bicycle4-cat1,bicycle4,cat1,bicycle4-truck3,clock9-cat1,dot,833.1239624023438,856.7943115234375,0,1
resnet50,bicycle4-cat1,bicycle4,cat1,bicycle4-truck3,clock8-cat1,dot,833.1239624023438,782.0850830078125,1,0
resnet50,bicycle4-cat1,bicycle4,cat1,bicycle4-truck3,clock10-cat1,dot,833.1239624023438,754.4075927734375,1,0
resnet50,bicycle4-cat1,bicycle4,cat1,bicycle4-truck3,knife3-cat1,dot,833.1239624023438,847.4182739257812,0,1
resnet50,bicycle4-cat1,bicycle4,cat1,bicycle4-truck3,elephant7-cat1,dot,833.1239624023438,742.43115234375,1,0
resnet50,bicycle4-cat1,bicycle4,cat1,bicycle4-truck3,elephant8-cat1,dot,833.1239624023438,746.37744140625,1,0
resnet50,bicycle4-cat1,bicycle4,cat1,bicycle4-truck3,elephant2-cat1,dot,833.1239624023438,789.4619750976562,1,0
resnet50,bicycle4-cat1,bicycle4,cat1,bicycle4-knife3,car5-cat1,dot,851.7972412109375,765.7902221679688,1,0
resnet50,bicycle4-cat1,bicycle4,cat1,bicycle4-knife3,car9-cat1,dot,851.7972412109375,834.5657958984375,1,0
resnet50,bicycle4-cat1,bicycle4,cat1,bicycle4-knife3,car8-cat1,dot,851.7972412109375,798.4428100585938,1,0
resnet50,bicycle4-cat1,bicycle4,cat1,bicycle4-knife3,dog2-cat1,dot,851.7972412109375,760.7796020507812,1,0
resnet50,bicycle4-cat1,bicycle4,cat1,bicycle4-knife3,dog9-cat1,dot,851.7972412109375,759.0296020507812,1,0
resnet50,bicycle4-cat1,bicycle4,cat1,bicycle4-knife3,dog6-cat1,dot,851.7972412109375,730.1156005859375,1,0
resnet50,bicycle4-cat1,bicycle4,cat1,bicycle4-knife3,bear3-cat1,dot,851.7972412109375,685.9102783203125,1,0
resnet50,bicycle4-cat1,bicycle4,cat1,bicycle4-knife3,boat6-cat1,dot,851.7972412109375,831.147216796875,1,0
resnet50,bicycle4-cat1,bicycle4,cat1,bicycle4-knife3,boat10-cat1,dot,851.7972412109375,762.3347778320312,1,0
resnet50,bicycle4-cat1,bicycle4,cat1,bicycle4-knife3,oven7-cat1,dot,851.7972412109375,792.9345703125,1,0
resnet50,bicycle4-cat1,bicycle4,cat1,bicycle4-knife3,oven1-cat1,dot,851.7972412109375,764.19775390625,1,0
resnet50,bicycle4-cat1,bicycle4,cat1,bicycle4-knife3,chair10-cat1,dot,851.7972412109375,753.3768310546875,1,0
resnet50,bicycle4-cat1,bicycle4,cat1,bicycle4-knife3,chair7-cat1,dot,851.7972412109375,728.6755981445312,1,0
resnet50,bicycle4-cat1,bicycle4,cat1,bicycle4-knife3,truck1-cat1,dot,851.7972412109375,762.9546508789062,1,0
resnet50,bicycle4-cat1,bicycle4,cat1,bicycle4-knife3,truck3-cat1,dot,851.7972412109375,766.099853515625,1,0
resnet50,bicycle4-cat1,bicycle4,cat1,bicycle4-knife3,bird10-cat1,dot,851.7972412109375,770.0303955078125,1,0
resnet50,bicycle4-cat1,bicycle4,cat1,bicycle4-knife3,bird3-cat1,dot,851.7972412109375,792.2242431640625,1,0
resnet50,bicycle4-cat1,bicycle4,cat1,bicycle4-knife3,airplane3-cat1,dot,851.7972412109375,812.0736694335938,1,0
resnet50,bicycle4-cat1,bicycle4,cat1,bicycle4-knife3,airplane2-cat1,dot,851.7972412109375,921.7531127929688,0,1
resnet50,bicycle4-cat1,bicycle4,cat1,bicycle4-knife3,bicycle5-cat1,dot,851.7972412109375,981.7202758789062,0,1
resnet50,bicycle4-cat1,bicycle4,cat1,bicycle4-knife3,bicycle7-cat1,dot,851.7972412109375,1022.725341796875,0,1
resnet50,bicycle4-cat1,bicycle4,cat1,bicycle4-knife3,bicycle6-cat1,dot,851.7972412109375,835.8501586914062,1,0
resnet50,bicycle4-cat1,bicycle4,cat1,bicycle4-knife3,bottle5-cat1,dot,851.7972412109375,737.2725830078125,1,0
resnet50,bicycle4-cat1,bicycle4,cat1,bicycle4-knife3,keyboard5-cat1,dot,851.7972412109375,710.957275390625,1,0
resnet50,bicycle4-cat1,bicycle4,cat1,bicycle4-knife3,keyboard3-cat1,dot,851.7972412109375,768.642822265625,1,0
resnet50,bicycle4-cat1,bicycle4,cat1,bicycle4-knife3,keyboard9-cat1,dot,851.7972412109375,716.9230346679688,1,0
resnet50,bicycle4-cat1,bicycle4,cat1,bicycle4-knife3,clock3-cat1,dot,851.7972412109375,822.45751953125,1,0
resnet50,bicycle4-cat1,bicycle4,cat1,bicycle4-knife3,clock9-cat1,dot,851.7972412109375,856.7943115234375,0,1
resnet50,bicycle4-cat1,bicycle4,cat1,bicycle4-knife3,clock8-cat1,dot,851.7972412109375,782.0850830078125,1,0
resnet50,bicycle4-cat1,bicycle4,cat1,bicycle4-knife3,clock10-cat1,dot,851.7972412109375,754.4075927734375,1,0
resnet50,bicycle4-cat1,bicycle4,cat1,bicycle4-knife3,knife3-cat1,dot,851.7972412109375,847.4182739257812,1,0
resnet50,bicycle4-cat1,bicycle4,cat1,bicycle4-knife3,elephant7-cat1,dot,851.7972412109375,742.43115234375,1,0
resnet50,bicycle4-cat1,bicycle4,cat1,bicycle4-knife3,elephant8-cat1,dot,851.7972412109375,746.37744140625,1,0
resnet50,bicycle4-cat1,bicycle4,cat1,bicycle4-knife3,elephant2-cat1,dot,851.7972412109375,789.4619750976562,1,0
resnet50,bicycle4-cat1,bicycle4,cat1,bicycle4-chair2,car5-cat1,dot,806.3587646484375,765.7902221679688,1,0
resnet50,bicycle4-cat1,bicycle4,cat1,bicycle4-chair2,car9-cat1,dot,806.3587646484375,834.5657958984375,0,1
resnet50,bicycle4-cat1,bicycle4,cat1,bicycle4-chair2,car8-cat1,dot,806.3587646484375,798.4428100585938,1,0
resnet50,bicycle4-cat1,bicycle4,cat1,bicycle4-chair2,dog2-cat1,dot,806.3587646484375,760.7796020507812,1,0
resnet50,bicycle4-cat1,bicycle4,cat1,bicycle4-chair2,dog9-cat1,dot,806.3587646484375,759.0296020507812,1,0
resnet50,bicycle4-cat1,bicycle4,cat1,bicycle4-chair2,dog6-cat1,dot,806.3587646484375,730.1156005859375,1,0
resnet50,bicycle4-cat1,bicycle4,cat1,bicycle4-chair2,bear3-cat1,dot,806.3587646484375,685.9102783203125,1,0
resnet50,bicycle4-cat1,bicycle4,cat1,bicycle4-chair2,boat6-cat1,dot,806.3587646484375,831.147216796875,0,1
resnet50,bicycle4-cat1,bicycle4,cat1,bicycle4-chair2,boat10-cat1,dot,806.3587646484375,762.3347778320312,1,0
resnet50,bicycle4-cat1,bicycle4,cat1,bicycle4-chair2,oven7-cat1,dot,806.3587646484375,792.9345703125,1,0
resnet50,bicycle4-cat1,bicycle4,cat1,bicycle4-chair2,oven1-cat1,dot,806.3587646484375,764.19775390625,1,0
resnet50,bicycle4-cat1,bicycle4,cat1,bicycle4-chair2,chair10-cat1,dot,806.3587646484375,753.3768310546875,1,0
resnet50,bicycle4-cat1,bicycle4,cat1,bicycle4-chair2,chair7-cat1,dot,806.3587646484375,728.6755981445312,1,0
resnet50,bicycle4-cat1,bicycle4,cat1,bicycle4-chair2,truck1-cat1,dot,806.3587646484375,762.9546508789062,1,0
resnet50,bicycle4-cat1,bicycle4,cat1,bicycle4-chair2,truck3-cat1,dot,806.3587646484375,766.099853515625,1,0
resnet50,bicycle4-cat1,bicycle4,cat1,bicycle4-chair2,bird10-cat1,dot,806.3587646484375,770.0303955078125,1,0
resnet50,bicycle4-cat1,bicycle4,cat1,bicycle4-chair2,bird3-cat1,dot,806.3587646484375,792.2242431640625,1,0
resnet50,bicycle4-cat1,bicycle4,cat1,bicycle4-chair2,airplane3-cat1,dot,806.3587646484375,812.0736694335938,0,1
resnet50,bicycle4-cat1,bicycle4,cat1,bicycle4-chair2,airplane2-cat1,dot,806.3587646484375,921.7531127929688,0,1
resnet50,bicycle4-cat1,bicycle4,cat1,bicycle4-chair2,bicycle5-cat1,dot,806.3587646484375,981.7202758789062,0,1
resnet50,bicycle4-cat1,bicycle4,cat1,bicycle4-chair2,bicycle7-cat1,dot,806.3587646484375,1022.725341796875,0,1
resnet50,bicycle4-cat1,bicycle4,cat1,bicycle4-chair2,bicycle6-cat1,dot,806.3587646484375,835.8501586914062,0,1
resnet50,bicycle4-cat1,bicycle4,cat1,bicycle4-chair2,bottle5-cat1,dot,806.3587646484375,737.2725830078125,1,0
resnet50,bicycle4-cat1,bicycle4,cat1,bicycle4-chair2,keyboard5-cat1,dot,806.3587646484375,710.957275390625,1,0
resnet50,bicycle4-cat1,bicycle4,cat1,bicycle4-chair2,keyboard3-cat1,dot,806.3587646484375,768.642822265625,1,0
resnet50,bicycle4-cat1,bicycle4,cat1,bicycle4-chair2,keyboard9-cat1,dot,806.3587646484375,716.9230346679688,1,0
resnet50,bicycle4-cat1,bicycle4,cat1,bicycle4-chair2,clock3-cat1,dot,806.3587646484375,822.45751953125,0,1
resnet50,bicycle4-cat1,bicycle4,cat1,bicycle4-chair2,clock9-cat1,dot,806.3587646484375,856.7943115234375,0,1
resnet50,bicycle4-cat1,bicycle4,cat1,bicycle4-chair2,clock8-cat1,dot,806.3587646484375,782.0850830078125,1,0
resnet50,bicycle4-cat1,bicycle4,cat1,bicycle4-chair2,clock10-cat1,dot,806.3587646484375,754.4075927734375,1,0
resnet50,bicycle4-cat1,bicycle4,cat1,bicycle4-chair2,knife3-cat1,dot,806.3587646484375,847.4182739257812,0,1
resnet50,bicycle4-cat1,bicycle4,cat1,bicycle4-chair2,elephant7-cat1,dot,806.3587646484375,742.43115234375,1,0
resnet50,bicycle4-cat1,bicycle4,cat1,bicycle4-chair2,elephant8-cat1,dot,806.3587646484375,746.37744140625,1,0
resnet50,bicycle4-cat1,bicycle4,cat1,bicycle4-chair2,elephant2-cat1,dot,806.3587646484375,789.4619750976562,1,0
resnet50,bicycle4-cat1,bicycle4,cat1,bicycle4-keyboard3,car5-cat1,dot,792.6851806640625,765.7902221679688,1,0
resnet50,bicycle4-cat1,bicycle4,cat1,bicycle4-keyboard3,car9-cat1,dot,792.6851806640625,834.5657958984375,0,1
resnet50,bicycle4-cat1,bicycle4,cat1,bicycle4-keyboard3,car8-cat1,dot,792.6851806640625,798.4428100585938,0,1
resnet50,bicycle4-cat1,bicycle4,cat1,bicycle4-keyboard3,dog2-cat1,dot,792.6851806640625,760.7796020507812,1,0
resnet50,bicycle4-cat1,bicycle4,cat1,bicycle4-keyboard3,dog9-cat1,dot,792.6851806640625,759.0296020507812,1,0
resnet50,bicycle4-cat1,bicycle4,cat1,bicycle4-keyboard3,dog6-cat1,dot,792.6851806640625,730.1156005859375,1,0
resnet50,bicycle4-cat1,bicycle4,cat1,bicycle4-keyboard3,bear3-cat1,dot,792.6851806640625,685.9102783203125,1,0
resnet50,bicycle4-cat1,bicycle4,cat1,bicycle4-keyboard3,boat6-cat1,dot,792.6851806640625,831.147216796875,0,1
resnet50,bicycle4-cat1,bicycle4,cat1,bicycle4-keyboard3,boat10-cat1,dot,792.6851806640625,762.3347778320312,1,0
resnet50,bicycle4-cat1,bicycle4,cat1,bicycle4-keyboard3,oven7-cat1,dot,792.6851806640625,792.9345703125,0,1
resnet50,bicycle4-cat1,bicycle4,cat1,bicycle4-keyboard3,oven1-cat1,dot,792.6851806640625,764.19775390625,1,0
resnet50,bicycle4-cat1,bicycle4,cat1,bicycle4-keyboard3,chair10-cat1,dot,792.6851806640625,753.3768310546875,1,0
resnet50,bicycle4-cat1,bicycle4,cat1,bicycle4-keyboard3,chair7-cat1,dot,792.6851806640625,728.6755981445312,1,0
resnet50,bicycle4-cat1,bicycle4,cat1,bicycle4-keyboard3,truck1-cat1,dot,792.6851806640625,762.9546508789062,1,0
resnet50,bicycle4-cat1,bicycle4,cat1,bicycle4-keyboard3,truck3-cat1,dot,792.6851806640625,766.099853515625,1,0
resnet50,bicycle4-cat1,bicycle4,cat1,bicycle4-keyboard3,bird10-cat1,dot,792.6851806640625,770.0303955078125,1,0
resnet50,bicycle4-cat1,bicycle4,cat1,bicycle4-keyboard3,bird3-cat1,dot,792.6851806640625,792.2242431640625,1,0
resnet50,bicycle4-cat1,bicycle4,cat1,bicycle4-keyboard3,airplane3-cat1,dot,792.6851806640625,812.0736694335938,0,1
resnet50,bicycle4-cat1,bicycle4,cat1,bicycle4-keyboard3,airplane2-cat1,dot,792.6851806640625,921.7531127929688,0,1
resnet50,bicycle4-cat1,bicycle4,cat1,bicycle4-keyboard3,bicycle5-cat1,dot,792.6851806640625,981.7202758789062,0,1
resnet50,bicycle4-cat1,bicycle4,cat1,bicycle4-keyboard3,bicycle7-cat1,dot,792.6851806640625,1022.725341796875,0,1
resnet50,bicycle4-cat1,bicycle4,cat1,bicycle4-keyboard3,bicycle6-cat1,dot,792.6851806640625,835.8501586914062,0,1
resnet50,bicycle4-cat1,bicycle4,cat1,bicycle4-keyboard3,bottle5-cat1,dot,792.6851806640625,737.2725830078125,1,0
resnet50,bicycle4-cat1,bicycle4,cat1,bicycle4-keyboard3,keyboard5-cat1,dot,792.6851806640625,710.957275390625,1,0
resnet50,bicycle4-cat1,bicycle4,cat1,bicycle4-keyboard3,keyboard3-cat1,dot,792.6851806640625,768.642822265625,1,0
resnet50,bicycle4-cat1,bicycle4,cat1,bicycle4-keyboard3,keyboard9-cat1,dot,792.6851806640625,716.9230346679688,1,0
resnet50,bicycle4-cat1,bicycle4,cat1,bicycle4-keyboard3,clock3-cat1,dot,792.6851806640625,822.45751953125,0,1
resnet50,bicycle4-cat1,bicycle4,cat1,bicycle4-keyboard3,clock9-cat1,dot,792.6851806640625,856.7943115234375,0,1
resnet50,bicycle4-cat1,bicycle4,cat1,bicycle4-keyboard3,clock8-cat1,dot,792.6851806640625,782.0850830078125,1,0
resnet50,bicycle4-cat1,bicycle4,cat1,bicycle4-keyboard3,clock10-cat1,dot,792.6851806640625,754.4075927734375,1,0
resnet50,bicycle4-cat1,bicycle4,cat1,bicycle4-keyboard3,knife3-cat1,dot,792.6851806640625,847.4182739257812,0,1
resnet50,bicycle4-cat1,bicycle4,cat1,bicycle4-keyboard3,elephant7-cat1,dot,792.6851806640625,742.43115234375,1,0
resnet50,bicycle4-cat1,bicycle4,cat1,bicycle4-keyboard3,elephant8-cat1,dot,792.6851806640625,746.37744140625,1,0
resnet50,bicycle4-cat1,bicycle4,cat1,bicycle4-keyboard3,elephant2-cat1,dot,792.6851806640625,789.4619750976562,1,0
resnet50,bicycle4-cat1,bicycle4,cat1,bicycle4-clock3,car5-cat1,dot,796.937744140625,765.7902221679688,1,0
resnet50,bicycle4-cat1,bicycle4,cat1,bicycle4-clock3,car9-cat1,dot,796.937744140625,834.5657958984375,0,1
resnet50,bicycle4-cat1,bicycle4,cat1,bicycle4-clock3,car8-cat1,dot,796.937744140625,798.4428100585938,0,1
resnet50,bicycle4-cat1,bicycle4,cat1,bicycle4-clock3,dog2-cat1,dot,796.937744140625,760.7796020507812,1,0
resnet50,bicycle4-cat1,bicycle4,cat1,bicycle4-clock3,dog9-cat1,dot,796.937744140625,759.0296020507812,1,0
resnet50,bicycle4-cat1,bicycle4,cat1,bicycle4-clock3,dog6-cat1,dot,796.937744140625,730.1156005859375,1,0
resnet50,bicycle4-cat1,bicycle4,cat1,bicycle4-clock3,bear3-cat1,dot,796.937744140625,685.9102783203125,1,0
resnet50,bicycle4-cat1,bicycle4,cat1,bicycle4-clock3,boat6-cat1,dot,796.937744140625,831.147216796875,0,1
resnet50,bicycle4-cat1,bicycle4,cat1,bicycle4-clock3,boat10-cat1,dot,796.937744140625,762.3347778320312,1,0
resnet50,bicycle4-cat1,bicycle4,cat1,bicycle4-clock3,oven7-cat1,dot,796.937744140625,792.9345703125,1,0
resnet50,bicycle4-cat1,bicycle4,cat1,bicycle4-clock3,oven1-cat1,dot,796.937744140625,764.19775390625,1,0
resnet50,bicycle4-cat1,bicycle4,cat1,bicycle4-clock3,chair10-cat1,dot,796.937744140625,753.3768310546875,1,0
resnet50,bicycle4-cat1,bicycle4,cat1,bicycle4-clock3,chair7-cat1,dot,796.937744140625,728.6755981445312,1,0
resnet50,bicycle4-cat1,bicycle4,cat1,bicycle4-clock3,truck1-cat1,dot,796.937744140625,762.9546508789062,1,0
resnet50,bicycle4-cat1,bicycle4,cat1,bicycle4-clock3,truck3-cat1,dot,796.937744140625,766.099853515625,1,0
resnet50,bicycle4-cat1,bicycle4,cat1,bicycle4-clock3,bird10-cat1,dot,796.937744140625,770.0303955078125,1,0
resnet50,bicycle4-cat1,bicycle4,cat1,bicycle4-clock3,bird3-cat1,dot,796.937744140625,792.2242431640625,1,0
resnet50,bicycle4-cat1,bicycle4,cat1,bicycle4-clock3,airplane3-cat1,dot,796.937744140625,812.0736694335938,0,1
resnet50,bicycle4-cat1,bicycle4,cat1,bicycle4-clock3,airplane2-cat1,dot,796.937744140625,921.7531127929688,0,1
resnet50,bicycle4-cat1,bicycle4,cat1,bicycle4-clock3,bicycle5-cat1,dot,796.937744140625,981.7202758789062,0,1
resnet50,bicycle4-cat1,bicycle4,cat1,bicycle4-clock3,bicycle7-cat1,dot,796.937744140625,1022.725341796875,0,1
resnet50,bicycle4-cat1,bicycle4,cat1,bicycle4-clock3,bicycle6-cat1,dot,796.937744140625,835.8501586914062,0,1
resnet50,bicycle4-cat1,bicycle4,cat1,bicycle4-clock3,bottle5-cat1,dot,796.937744140625,737.2725830078125,1,0
resnet50,bicycle4-cat1,bicycle4,cat1,bicycle4-clock3,keyboard5-cat1,dot,796.937744140625,710.957275390625,1,0
resnet50,bicycle4-cat1,bicycle4,cat1,bicycle4-clock3,keyboard3-cat1,dot,796.937744140625,768.642822265625,1,0
resnet50,bicycle4-cat1,bicycle4,cat1,bicycle4-clock3,keyboard9-cat1,dot,796.937744140625,716.9230346679688,1,0
resnet50,bicycle4-cat1,bicycle4,cat1,bicycle4-clock3,clock3-cat1,dot,796.937744140625,822.45751953125,0,1
resnet50,bicycle4-cat1,bicycle4,cat1,bicycle4-clock3,clock9-cat1,dot,796.937744140625,856.7943115234375,0,1
resnet50,bicycle4-cat1,bicycle4,cat1,bicycle4-clock3,clock8-cat1,dot,796.937744140625,782.0850830078125,1,0
resnet50,bicycle4-cat1,bicycle4,cat1,bicycle4-clock3,clock10-cat1,dot,796.937744140625,754.4075927734375,1,0
resnet50,bicycle4-cat1,bicycle4,cat1,bicycle4-clock3,knife3-cat1,dot,796.937744140625,847.4182739257812,0,1
resnet50,bicycle4-cat1,bicycle4,cat1,bicycle4-clock3,elephant7-cat1,dot,796.937744140625,742.43115234375,1,0
resnet50,bicycle4-cat1,bicycle4,cat1,bicycle4-clock3,elephant8-cat1,dot,796.937744140625,746.37744140625,1,0
resnet50,bicycle4-cat1,bicycle4,cat1,bicycle4-clock3,elephant2-cat1,dot,796.937744140625,789.4619750976562,1,0
resnet50,bicycle4-cat1,bicycle4,cat1,bicycle4-oven3,car5-cat1,dot,723.7455444335938,765.7902221679688,0,1
resnet50,bicycle4-cat1,bicycle4,cat1,bicycle4-oven3,car9-cat1,dot,723.7455444335938,834.5657958984375,0,1
resnet50,bicycle4-cat1,bicycle4,cat1,bicycle4-oven3,car8-cat1,dot,723.7455444335938,798.4428100585938,0,1
resnet50,bicycle4-cat1,bicycle4,cat1,bicycle4-oven3,dog2-cat1,dot,723.7455444335938,760.7796020507812,0,1
resnet50,bicycle4-cat1,bicycle4,cat1,bicycle4-oven3,dog9-cat1,dot,723.7455444335938,759.0296020507812,0,1
resnet50,bicycle4-cat1,bicycle4,cat1,bicycle4-oven3,dog6-cat1,dot,723.7455444335938,730.1156005859375,0,1
resnet50,bicycle4-cat1,bicycle4,cat1,bicycle4-oven3,bear3-cat1,dot,723.7455444335938,685.9102783203125,1,0
resnet50,bicycle4-cat1,bicycle4,cat1,bicycle4-oven3,boat6-cat1,dot,723.7455444335938,831.147216796875,0,1
resnet50,bicycle4-cat1,bicycle4,cat1,bicycle4-oven3,boat10-cat1,dot,723.7455444335938,762.3347778320312,0,1
resnet50,bicycle4-cat1,bicycle4,cat1,bicycle4-oven3,oven7-cat1,dot,723.7455444335938,792.9345703125,0,1
resnet50,bicycle4-cat1,bicycle4,cat1,bicycle4-oven3,oven1-cat1,dot,723.7455444335938,764.19775390625,0,1
resnet50,bicycle4-cat1,bicycle4,cat1,bicycle4-oven3,chair10-cat1,dot,723.7455444335938,753.3768310546875,0,1
resnet50,bicycle4-cat1,bicycle4,cat1,bicycle4-oven3,chair7-cat1,dot,723.7455444335938,728.6755981445312,0,1
resnet50,bicycle4-cat1,bicycle4,cat1,bicycle4-oven3,truck1-cat1,dot,723.7455444335938,762.9546508789062,0,1
resnet50,bicycle4-cat1,bicycle4,cat1,bicycle4-oven3,truck3-cat1,dot,723.7455444335938,766.099853515625,0,1
resnet50,bicycle4-cat1,bicycle4,cat1,bicycle4-oven3,bird10-cat1,dot,723.7455444335938,770.0303955078125,0,1
resnet50,bicycle4-cat1,bicycle4,cat1,bicycle4-oven3,bird3-cat1,dot,723.7455444335938,792.2242431640625,0,1
resnet50,bicycle4-cat1,bicycle4,cat1,bicycle4-oven3,airplane3-cat1,dot,723.7455444335938,812.0736694335938,0,1
resnet50,bicycle4-cat1,bicycle4,cat1,bicycle4-oven3,airplane2-cat1,dot,723.7455444335938,921.7531127929688,0,1
resnet50,bicycle4-cat1,bicycle4,cat1,bicycle4-oven3,bicycle5-cat1,dot,723.7455444335938,981.7202758789062,0,1
resnet50,bicycle4-cat1,bicycle4,cat1,bicycle4-oven3,bicycle7-cat1,dot,723.7455444335938,1022.725341796875,0,1
resnet50,bicycle4-cat1,bicycle4,cat1,bicycle4-oven3,bicycle6-cat1,dot,723.7455444335938,835.8501586914062,0,1
resnet50,bicycle4-cat1,bicycle4,cat1,bicycle4-oven3,bottle5-cat1,dot,723.7455444335938,737.2725830078125,0,1
resnet50,bicycle4-cat1,bicycle4,cat1,bicycle4-oven3,keyboard5-cat1,dot,723.7455444335938,710.957275390625,1,0
resnet50,bicycle4-cat1,bicycle4,cat1,bicycle4-oven3,keyboard3-cat1,dot,723.7455444335938,768.642822265625,0,1
resnet50,bicycle4-cat1,bicycle4,cat1,bicycle4-oven3,keyboard9-cat1,dot,723.7455444335938,716.9230346679688,1,0
resnet50,bicycle4-cat1,bicycle4,cat1,bicycle4-oven3,clock3-cat1,dot,723.7455444335938,822.45751953125,0,1
resnet50,bicycle4-cat1,bicycle4,cat1,bicycle4-oven3,clock9-cat1,dot,723.7455444335938,856.7943115234375,0,1
resnet50,bicycle4-cat1,bicycle4,cat1,bicycle4-oven3,clock8-cat1,dot,723.7455444335938,782.0850830078125,0,1
resnet50,bicycle4-cat1,bicycle4,cat1,bicycle4-oven3,clock10-cat1,dot,723.7455444335938,754.4075927734375,0,1
resnet50,bicycle4-cat1,bicycle4,cat1,bicycle4-oven3,knife3-cat1,dot,723.7455444335938,847.4182739257812,0,1
resnet50,bicycle4-cat1,bicycle4,cat1,bicycle4-oven3,elephant7-cat1,dot,723.7455444335938,742.43115234375,0,1
resnet50,bicycle4-cat1,bicycle4,cat1,bicycle4-oven3,elephant8-cat1,dot,723.7455444335938,746.37744140625,0,1
resnet50,bicycle4-cat1,bicycle4,cat1,bicycle4-oven3,elephant2-cat1,dot,723.7455444335938,789.4619750976562,0,1
resnet50,bicycle4-cat1,bicycle4,cat1,bicycle4-bottle1,car5-cat1,dot,835.3984985351562,765.7902221679688,1,0
resnet50,bicycle4-cat1,bicycle4,cat1,bicycle4-bottle1,car9-cat1,dot,835.3984985351562,834.5657958984375,1,0
resnet50,bicycle4-cat1,bicycle4,cat1,bicycle4-bottle1,car8-cat1,dot,835.3984985351562,798.4428100585938,1,0
resnet50,bicycle4-cat1,bicycle4,cat1,bicycle4-bottle1,dog2-cat1,dot,835.3984985351562,760.7796020507812,1,0
resnet50,bicycle4-cat1,bicycle4,cat1,bicycle4-bottle1,dog9-cat1,dot,835.3984985351562,759.0296020507812,1,0
resnet50,bicycle4-cat1,bicycle4,cat1,bicycle4-bottle1,dog6-cat1,dot,835.3984985351562,730.1156005859375,1,0
resnet50,bicycle4-cat1,bicycle4,cat1,bicycle4-bottle1,bear3-cat1,dot,835.3984985351562,685.9102783203125,1,0
resnet50,bicycle4-cat1,bicycle4,cat1,bicycle4-bottle1,boat6-cat1,dot,835.3984985351562,831.147216796875,1,0
resnet50,bicycle4-cat1,bicycle4,cat1,bicycle4-bottle1,boat10-cat1,dot,835.3984985351562,762.3347778320312,1,0
resnet50,bicycle4-cat1,bicycle4,cat1,bicycle4-bottle1,oven7-cat1,dot,835.3984985351562,792.9345703125,1,0
resnet50,bicycle4-cat1,bicycle4,cat1,bicycle4-bottle1,oven1-cat1,dot,835.3984985351562,764.19775390625,1,0
resnet50,bicycle4-cat1,bicycle4,cat1,bicycle4-bottle1,chair10-cat1,dot,835.3984985351562,753.3768310546875,1,0
resnet50,bicycle4-cat1,bicycle4,cat1,bicycle4-bottle1,chair7-cat1,dot,835.3984985351562,728.6755981445312,1,0
resnet50,bicycle4-cat1,bicycle4,cat1,bicycle4-bottle1,truck1-cat1,dot,835.3984985351562,762.9546508789062,1,0
resnet50,bicycle4-cat1,bicycle4,cat1,bicycle4-bottle1,truck3-cat1,dot,835.3984985351562,766.099853515625,1,0
resnet50,bicycle4-cat1,bicycle4,cat1,bicycle4-bottle1,bird10-cat1,dot,835.3984985351562,770.0303955078125,1,0
resnet50,bicycle4-cat1,bicycle4,cat1,bicycle4-bottle1,bird3-cat1,dot,835.3984985351562,792.2242431640625,1,0
resnet50,bicycle4-cat1,bicycle4,cat1,bicycle4-bottle1,airplane3-cat1,dot,835.3984985351562,812.0736694335938,1,0
resnet50,bicycle4-cat1,bicycle4,cat1,bicycle4-bottle1,airplane2-cat1,dot,835.3984985351562,921.7531127929688,0,1
resnet50,bicycle4-cat1,bicycle4,cat1,bicycle4-bottle1,bicycle5-cat1,dot,835.3984985351562,981.7202758789062,0,1
resnet50,bicycle4-cat1,bicycle4,cat1,bicycle4-bottle1,bicycle7-cat1,dot,835.3984985351562,1022.725341796875,0,1
resnet50,bicycle4-cat1,bicycle4,cat1,bicycle4-bottle1,bicycle6-cat1,dot,835.3984985351562,835.8501586914062,0,1
resnet50,bicycle4-cat1,bicycle4,cat1,bicycle4-bottle1,bottle5-cat1,dot,835.3984985351562,737.2725830078125,1,0
resnet50,bicycle4-cat1,bicycle4,cat1,bicycle4-bottle1,keyboard5-cat1,dot,835.3984985351562,710.957275390625,1,0
resnet50,bicycle4-cat1,bicycle4,cat1,bicycle4-bottle1,keyboard3-cat1,dot,835.3984985351562,768.642822265625,1,0
resnet50,bicycle4-cat1,bicycle4,cat1,bicycle4-bottle1,keyboard9-cat1,dot,835.3984985351562,716.9230346679688,1,0
resnet50,bicycle4-cat1,bicycle4,cat1,bicycle4-bottle1,clock3-cat1,dot,835.3984985351562,822.45751953125,1,0
resnet50,bicycle4-cat1,bicycle4,cat1,bicycle4-bottle1,clock9-cat1,dot,835.3984985351562,856.7943115234375,0,1
resnet50,bicycle4-cat1,bicycle4,cat1,bicycle4-bottle1,clock8-cat1,dot,835.3984985351562,782.0850830078125,1,0
resnet50,bicycle4-cat1,bicycle4,cat1,bicycle4-bottle1,clock10-cat1,dot,835.3984985351562,754.4075927734375,1,0
resnet50,bicycle4-cat1,bicycle4,cat1,bicycle4-bottle1,knife3-cat1,dot,835.3984985351562,847.4182739257812,0,1
resnet50,bicycle4-cat1,bicycle4,cat1,bicycle4-bottle1,elephant7-cat1,dot,835.3984985351562,742.43115234375,1,0
resnet50,bicycle4-cat1,bicycle4,cat1,bicycle4-bottle1,elephant8-cat1,dot,835.3984985351562,746.37744140625,1,0
resnet50,bicycle4-cat1,bicycle4,cat1,bicycle4-bottle1,elephant2-cat1,dot,835.3984985351562,789.4619750976562,1,0
resnet50,bicycle4-cat1,bicycle4,cat1,bicycle4-boat1,car5-cat1,cos,0.7092600464820862,0.7368916869163513,0,1
resnet50,bicycle4-cat1,bicycle4,cat1,bicycle4-boat1,car9-cat1,cos,0.7092600464820862,0.7427013516426086,0,1
resnet50,bicycle4-cat1,bicycle4,cat1,bicycle4-boat1,car8-cat1,cos,0.7092600464820862,0.7400188446044922,0,1
resnet50,bicycle4-cat1,bicycle4,cat1,bicycle4-boat1,dog2-cat1,cos,0.7092600464820862,0.7207768559455872,0,1
resnet50,bicycle4-cat1,bicycle4,cat1,bicycle4-boat1,dog9-cat1,cos,0.7092600464820862,0.6999927163124084,1,0
resnet50,bicycle4-cat1,bicycle4,cat1,bicycle4-boat1,dog6-cat1,cos,0.7092600464820862,0.7264191508293152,0,1
resnet50,bicycle4-cat1,bicycle4,cat1,bicycle4-boat1,bear3-cat1,cos,0.7092600464820862,0.7055180668830872,1,0
resnet50,bicycle4-cat1,bicycle4,cat1,bicycle4-boat1,boat6-cat1,cos,0.7092600464820862,0.7681899070739746,0,1
resnet50,bicycle4-cat1,bicycle4,cat1,bicycle4-boat1,boat10-cat1,cos,0.7092600464820862,0.7529741525650024,0,1
resnet50,bicycle4-cat1,bicycle4,cat1,bicycle4-boat1,oven7-cat1,cos,0.7092600464820862,0.7703510522842407,0,1
resnet50,bicycle4-cat1,bicycle4,cat1,bicycle4-boat1,oven1-cat1,cos,0.7092600464820862,0.7374969720840454,0,1
resnet50,bicycle4-cat1,bicycle4,cat1,bicycle4-boat1,chair10-cat1,cos,0.7092600464820862,0.7968097925186157,0,1
resnet50,bicycle4-cat1,bicycle4,cat1,bicycle4-boat1,chair7-cat1,cos,0.7092600464820862,0.7528191208839417,0,1
resnet50,bicycle4-cat1,bicycle4,cat1,bicycle4-boat1,truck1-cat1,cos,0.7092600464820862,0.7467950582504272,0,1
resnet50,bicycle4-cat1,bicycle4,cat1,bicycle4-boat1,truck3-cat1,cos,0.7092600464820862,0.7587290406227112,0,1
resnet50,bicycle4-cat1,bicycle4,cat1,bicycle4-boat1,bird10-cat1,cos,0.7092600464820862,0.7662137150764465,0,1
resnet50,bicycle4-cat1,bicycle4,cat1,bicycle4-boat1,bird3-cat1,cos,0.7092600464820862,0.7493874430656433,0,1
resnet50,bicycle4-cat1,bicycle4,cat1,bicycle4-boat1,airplane3-cat1,cos,0.7092600464820862,0.7996576428413391,0,1
resnet50,bicycle4-cat1,bicycle4,cat1,bicycle4-boat1,airplane2-cat1,cos,0.7092600464820862,0.810062825679779,0,1
resnet50,bicycle4-cat1,bicycle4,cat1,bicycle4-boat1,bicycle5-cat1,cos,0.7092600464820862,0.8975647687911987,0,1
resnet50,bicycle4-cat1,bicycle4,cat1,bicycle4-boat1,bicycle7-cat1,cos,0.7092600464820862,0.8607221841812134,0,1
resnet50,bicycle4-cat1,bicycle4,cat1,bicycle4-boat1,bicycle6-cat1,cos,0.7092600464820862,0.818971574306488,0,1
resnet50,bicycle4-cat1,bicycle4,cat1,bicycle4-boat1,bottle5-cat1,cos,0.7092600464820862,0.7453671097755432,0,1
resnet50,bicycle4-cat1,bicycle4,cat1,bicycle4-boat1,keyboard5-cat1,cos,0.7092600464820862,0.7508637309074402,0,1
resnet50,bicycle4-cat1,bicycle4,cat1,bicycle4-boat1,keyboard3-cat1,cos,0.7092600464820862,0.7559501528739929,0,1
resnet50,bicycle4-cat1,bicycle4,cat1,bicycle4-boat1,keyboard9-cat1,cos,0.7092600464820862,0.7405200600624084,0,1
resnet50,bicycle4-cat1,bicycle4,cat1,bicycle4-boat1,clock3-cat1,cos,0.7092600464820862,0.8028011322021484,0,1
resnet50,bicycle4-cat1,bicycle4,cat1,bicycle4-boat1,clock9-cat1,cos,0.7092600464820862,0.7903710007667542,0,1
resnet50,bicycle4-cat1,bicycle4,cat1,bicycle4-boat1,clock8-cat1,cos,0.7092600464820862,0.7563636898994446,0,1
resnet50,bicycle4-cat1,bicycle4,cat1,bicycle4-boat1,clock10-cat1,cos,0.7092600464820862,0.7925846576690674,0,1
resnet50,bicycle4-cat1,bicycle4,cat1,bicycle4-boat1,knife3-cat1,cos,0.7092600464820862,0.7725129127502441,0,1
resnet50,bicycle4-cat1,bicycle4,cat1,bicycle4-boat1,elephant7-cat1,cos,0.7092600464820862,0.7491000890731812,0,1
resnet50,bicycle4-cat1,bicycle4,cat1,bicycle4-boat1,elephant8-cat1,cos,0.7092600464820862,0.751663863658905,0,1
resnet50,bicycle4-cat1,bicycle4,cat1,bicycle4-boat1,elephant2-cat1,cos,0.7092600464820862,0.7478123903274536,0,1
resnet50,bicycle4-cat1,bicycle4,cat1,bicycle4-airplane1,car5-cat1,cos,0.7062543034553528,0.7368916869163513,0,1
resnet50,bicycle4-cat1,bicycle4,cat1,bicycle4-airplane1,car9-cat1,cos,0.7062543034553528,0.7427013516426086,0,1
resnet50,bicycle4-cat1,bicycle4,cat1,bicycle4-airplane1,car8-cat1,cos,0.7062543034553528,0.7400188446044922,0,1
resnet50,bicycle4-cat1,bicycle4,cat1,bicycle4-airplane1,dog2-cat1,cos,0.7062543034553528,0.7207768559455872,0,1
resnet50,bicycle4-cat1,bicycle4,cat1,bicycle4-airplane1,dog9-cat1,cos,0.7062543034553528,0.6999927163124084,1,0
resnet50,bicycle4-cat1,bicycle4,cat1,bicycle4-airplane1,dog6-cat1,cos,0.7062543034553528,0.7264191508293152,0,1
resnet50,bicycle4-cat1,bicycle4,cat1,bicycle4-airplane1,bear3-cat1,cos,0.7062543034553528,0.7055180668830872,1,0
resnet50,bicycle4-cat1,bicycle4,cat1,bicycle4-airplane1,boat6-cat1,cos,0.7062543034553528,0.7681899070739746,0,1
resnet50,bicycle4-cat1,bicycle4,cat1,bicycle4-airplane1,boat10-cat1,cos,0.7062543034553528,0.7529741525650024,0,1
resnet50,bicycle4-cat1,bicycle4,cat1,bicycle4-airplane1,oven7-cat1,cos,0.7062543034553528,0.7703510522842407,0,1
resnet50,bicycle4-cat1,bicycle4,cat1,bicycle4-airplane1,oven1-cat1,cos,0.7062543034553528,0.7374969720840454,0,1
resnet50,bicycle4-cat1,bicycle4,cat1,bicycle4-airplane1,chair10-cat1,cos,0.7062543034553528,0.7968097925186157,0,1
resnet50,bicycle4-cat1,bicycle4,cat1,bicycle4-airplane1,chair7-cat1,cos,0.7062543034553528,0.7528191208839417,0,1
resnet50,bicycle4-cat1,bicycle4,cat1,bicycle4-airplane1,truck1-cat1,cos,0.7062543034553528,0.7467950582504272,0,1
resnet50,bicycle4-cat1,bicycle4,cat1,bicycle4-airplane1,truck3-cat1,cos,0.7062543034553528,0.7587290406227112,0,1
resnet50,bicycle4-cat1,bicycle4,cat1,bicycle4-airplane1,bird10-cat1,cos,0.7062543034553528,0.7662137150764465,0,1
resnet50,bicycle4-cat1,bicycle4,cat1,bicycle4-airplane1,bird3-cat1,cos,0.7062543034553528,0.7493874430656433,0,1
resnet50,bicycle4-cat1,bicycle4,cat1,bicycle4-airplane1,airplane3-cat1,cos,0.7062543034553528,0.7996576428413391,0,1
resnet50,bicycle4-cat1,bicycle4,cat1,bicycle4-airplane1,airplane2-cat1,cos,0.7062543034553528,0.810062825679779,0,1
resnet50,bicycle4-cat1,bicycle4,cat1,bicycle4-airplane1,bicycle5-cat1,cos,0.7062543034553528,0.8975647687911987,0,1
resnet50,bicycle4-cat1,bicycle4,cat1,bicycle4-airplane1,bicycle7-cat1,cos,0.7062543034553528,0.8607221841812134,0,1
resnet50,bicycle4-cat1,bicycle4,cat1,bicycle4-airplane1,bicycle6-cat1,cos,0.7062543034553528,0.818971574306488,0,1
resnet50,bicycle4-cat1,bicycle4,cat1,bicycle4-airplane1,bottle5-cat1,cos,0.7062543034553528,0.7453671097755432,0,1
resnet50,bicycle4-cat1,bicycle4,cat1,bicycle4-airplane1,keyboard5-cat1,cos,0.7062543034553528,0.7508637309074402,0,1
resnet50,bicycle4-cat1,bicycle4,cat1,bicycle4-airplane1,keyboard3-cat1,cos,0.7062543034553528,0.7559501528739929,0,1
resnet50,bicycle4-cat1,bicycle4,cat1,bicycle4-airplane1,keyboard9-cat1,cos,0.7062543034553528,0.7405200600624084,0,1
resnet50,bicycle4-cat1,bicycle4,cat1,bicycle4-airplane1,clock3-cat1,cos,0.7062543034553528,0.8028011322021484,0,1
resnet50,bicycle4-cat1,bicycle4,cat1,bicycle4-airplane1,clock9-cat1,cos,0.7062543034553528,0.7903710007667542,0,1
resnet50,bicycle4-cat1,bicycle4,cat1,bicycle4-airplane1,clock8-cat1,cos,0.7062543034553528,0.7563636898994446,0,1
resnet50,bicycle4-cat1,bicycle4,cat1,bicycle4-airplane1,clock10-cat1,cos,0.7062543034553528,0.7925846576690674,0,1
resnet50,bicycle4-cat1,bicycle4,cat1,bicycle4-airplane1,knife3-cat1,cos,0.7062543034553528,0.7725129127502441,0,1
resnet50,bicycle4-cat1,bicycle4,cat1,bicycle4-airplane1,elephant7-cat1,cos,0.7062543034553528,0.7491000890731812,0,1
resnet50,bicycle4-cat1,bicycle4,cat1,bicycle4-airplane1,elephant8-cat1,cos,0.7062543034553528,0.751663863658905,0,1
resnet50,bicycle4-cat1,bicycle4,cat1,bicycle4-airplane1,elephant2-cat1,cos,0.7062543034553528,0.7478123903274536,0,1
resnet50,bicycle4-cat1,bicycle4,cat1,bicycle4-car2,car5-cat1,cos,0.7105030417442322,0.7368916869163513,0,1
resnet50,bicycle4-cat1,bicycle4,cat1,bicycle4-car2,car9-cat1,cos,0.7105030417442322,0.7427013516426086,0,1
resnet50,bicycle4-cat1,bicycle4,cat1,bicycle4-car2,car8-cat1,cos,0.7105030417442322,0.7400188446044922,0,1
resnet50,bicycle4-cat1,bicycle4,cat1,bicycle4-car2,dog2-cat1,cos,0.7105030417442322,0.7207768559455872,0,1
resnet50,bicycle4-cat1,bicycle4,cat1,bicycle4-car2,dog9-cat1,cos,0.7105030417442322,0.6999927163124084,1,0
resnet50,bicycle4-cat1,bicycle4,cat1,bicycle4-car2,dog6-cat1,cos,0.7105030417442322,0.7264191508293152,0,1
resnet50,bicycle4-cat1,bicycle4,cat1,bicycle4-car2,bear3-cat1,cos,0.7105030417442322,0.7055180668830872,1,0
resnet50,bicycle4-cat1,bicycle4,cat1,bicycle4-car2,boat6-cat1,cos,0.7105030417442322,0.7681899070739746,0,1
resnet50,bicycle4-cat1,bicycle4,cat1,bicycle4-car2,boat10-cat1,cos,0.7105030417442322,0.7529741525650024,0,1
resnet50,bicycle4-cat1,bicycle4,cat1,bicycle4-car2,oven7-cat1,cos,0.7105030417442322,0.7703510522842407,0,1
resnet50,bicycle4-cat1,bicycle4,cat1,bicycle4-car2,oven1-cat1,cos,0.7105030417442322,0.7374969720840454,0,1
resnet50,bicycle4-cat1,bicycle4,cat1,bicycle4-car2,chair10-cat1,cos,0.7105030417442322,0.7968097925186157,0,1
resnet50,bicycle4-cat1,bicycle4,cat1,bicycle4-car2,chair7-cat1,cos,0.7105030417442322,0.7528191208839417,0,1
resnet50,bicycle4-cat1,bicycle4,cat1,bicycle4-car2,truck1-cat1,cos,0.7105030417442322,0.7467950582504272,0,1
resnet50,bicycle4-cat1,bicycle4,cat1,bicycle4-car2,truck3-cat1,cos,0.7105030417442322,0.7587290406227112,0,1
resnet50,bicycle4-cat1,bicycle4,cat1,bicycle4-car2,bird10-cat1,cos,0.7105030417442322,0.7662137150764465,0,1
resnet50,bicycle4-cat1,bicycle4,cat1,bicycle4-car2,bird3-cat1,cos,0.7105030417442322,0.7493874430656433,0,1
resnet50,bicycle4-cat1,bicycle4,cat1,bicycle4-car2,airplane3-cat1,cos,0.7105030417442322,0.7996576428413391,0,1
resnet50,bicycle4-cat1,bicycle4,cat1,bicycle4-car2,airplane2-cat1,cos,0.7105030417442322,0.810062825679779,0,1
resnet50,bicycle4-cat1,bicycle4,cat1,bicycle4-car2,bicycle5-cat1,cos,0.7105030417442322,0.8975647687911987,0,1
resnet50,bicycle4-cat1,bicycle4,cat1,bicycle4-car2,bicycle7-cat1,cos,0.7105030417442322,0.8607221841812134,0,1
resnet50,bicycle4-cat1,bicycle4,cat1,bicycle4-car2,bicycle6-cat1,cos,0.7105030417442322,0.818971574306488,0,1
resnet50,bicycle4-cat1,bicycle4,cat1,bicycle4-car2,bottle5-cat1,cos,0.7105030417442322,0.7453671097755432,0,1
resnet50,bicycle4-cat1,bicycle4,cat1,bicycle4-car2,keyboard5-cat1,cos,0.7105030417442322,0.7508637309074402,0,1
resnet50,bicycle4-cat1,bicycle4,cat1,bicycle4-car2,keyboard3-cat1,cos,0.7105030417442322,0.7559501528739929,0,1
resnet50,bicycle4-cat1,bicycle4,cat1,bicycle4-car2,keyboard9-cat1,cos,0.7105030417442322,0.7405200600624084,0,1
resnet50,bicycle4-cat1,bicycle4,cat1,bicycle4-car2,clock3-cat1,cos,0.7105030417442322,0.8028011322021484,0,1
resnet50,bicycle4-cat1,bicycle4,cat1,bicycle4-car2,clock9-cat1,cos,0.7105030417442322,0.7903710007667542,0,1
resnet50,bicycle4-cat1,bicycle4,cat1,bicycle4-car2,clock8-cat1,cos,0.7105030417442322,0.7563636898994446,0,1
resnet50,bicycle4-cat1,bicycle4,cat1,bicycle4-car2,clock10-cat1,cos,0.7105030417442322,0.7925846576690674,0,1
resnet50,bicycle4-cat1,bicycle4,cat1,bicycle4-car2,knife3-cat1,cos,0.7105030417442322,0.7725129127502441,0,1
resnet50,bicycle4-cat1,bicycle4,cat1,bicycle4-car2,elephant7-cat1,cos,0.7105030417442322,0.7491000890731812,0,1
resnet50,bicycle4-cat1,bicycle4,cat1,bicycle4-car2,elephant8-cat1,cos,0.7105030417442322,0.751663863658905,0,1
resnet50,bicycle4-cat1,bicycle4,cat1,bicycle4-car2,elephant2-cat1,cos,0.7105030417442322,0.7478123903274536,0,1
resnet50,bicycle4-cat1,bicycle4,cat1,bicycle4-truck3,car5-cat1,cos,0.7318099737167358,0.7368916869163513,0,1
resnet50,bicycle4-cat1,bicycle4,cat1,bicycle4-truck3,car9-cat1,cos,0.7318099737167358,0.7427013516426086,0,1
resnet50,bicycle4-cat1,bicycle4,cat1,bicycle4-truck3,car8-cat1,cos,0.7318099737167358,0.7400188446044922,0,1
resnet50,bicycle4-cat1,bicycle4,cat1,bicycle4-truck3,dog2-cat1,cos,0.7318099737167358,0.7207768559455872,1,0
resnet50,bicycle4-cat1,bicycle4,cat1,bicycle4-truck3,dog9-cat1,cos,0.7318099737167358,0.6999927163124084,1,0
resnet50,bicycle4-cat1,bicycle4,cat1,bicycle4-truck3,dog6-cat1,cos,0.7318099737167358,0.7264191508293152,1,0
resnet50,bicycle4-cat1,bicycle4,cat1,bicycle4-truck3,bear3-cat1,cos,0.7318099737167358,0.7055180668830872,1,0
resnet50,bicycle4-cat1,bicycle4,cat1,bicycle4-truck3,boat6-cat1,cos,0.7318099737167358,0.7681899070739746,0,1
resnet50,bicycle4-cat1,bicycle4,cat1,bicycle4-truck3,boat10-cat1,cos,0.7318099737167358,0.7529741525650024,0,1
resnet50,bicycle4-cat1,bicycle4,cat1,bicycle4-truck3,oven7-cat1,cos,0.7318099737167358,0.7703510522842407,0,1
resnet50,bicycle4-cat1,bicycle4,cat1,bicycle4-truck3,oven1-cat1,cos,0.7318099737167358,0.7374969720840454,0,1
resnet50,bicycle4-cat1,bicycle4,cat1,bicycle4-truck3,chair10-cat1,cos,0.7318099737167358,0.7968097925186157,0,1
resnet50,bicycle4-cat1,bicycle4,cat1,bicycle4-truck3,chair7-cat1,cos,0.7318099737167358,0.7528191208839417,0,1
resnet50,bicycle4-cat1,bicycle4,cat1,bicycle4-truck3,truck1-cat1,cos,0.7318099737167358,0.7467950582504272,0,1
resnet50,bicycle4-cat1,bicycle4,cat1,bicycle4-truck3,truck3-cat1,cos,0.7318099737167358,0.7587290406227112,0,1
resnet50,bicycle4-cat1,bicycle4,cat1,bicycle4-truck3,bird10-cat1,cos,0.7318099737167358,0.7662137150764465,0,1
resnet50,bicycle4-cat1,bicycle4,cat1,bicycle4-truck3,bird3-cat1,cos,0.7318099737167358,0.7493874430656433,0,1
resnet50,bicycle4-cat1,bicycle4,cat1,bicycle4-truck3,airplane3-cat1,cos,0.7318099737167358,0.7996576428413391,0,1
resnet50,bicycle4-cat1,bicycle4,cat1,bicycle4-truck3,airplane2-cat1,cos,0.7318099737167358,0.810062825679779,0,1
resnet50,bicycle4-cat1,bicycle4,cat1,bicycle4-truck3,bicycle5-cat1,cos,0.7318099737167358,0.8975647687911987,0,1
resnet50,bicycle4-cat1,bicycle4,cat1,bicycle4-truck3,bicycle7-cat1,cos,0.7318099737167358,0.8607221841812134,0,1
resnet50,bicycle4-cat1,bicycle4,cat1,bicycle4-truck3,bicycle6-cat1,cos,0.7318099737167358,0.818971574306488,0,1
resnet50,bicycle4-cat1,bicycle4,cat1,bicycle4-truck3,bottle5-cat1,cos,0.7318099737167358,0.7453671097755432,0,1
resnet50,bicycle4-cat1,bicycle4,cat1,bicycle4-truck3,keyboard5-cat1,cos,0.7318099737167358,0.7508637309074402,0,1
resnet50,bicycle4-cat1,bicycle4,cat1,bicycle4-truck3,keyboard3-cat1,cos,0.7318099737167358,0.7559501528739929,0,1
resnet50,bicycle4-cat1,bicycle4,cat1,bicycle4-truck3,keyboard9-cat1,cos,0.7318099737167358,0.7405200600624084,0,1
resnet50,bicycle4-cat1,bicycle4,cat1,bicycle4-truck3,clock3-cat1,cos,0.7318099737167358,0.8028011322021484,0,1
resnet50,bicycle4-cat1,bicycle4,cat1,bicycle4-truck3,clock9-cat1,cos,0.7318099737167358,0.7903710007667542,0,1
resnet50,bicycle4-cat1,bicycle4,cat1,bicycle4-truck3,clock8-cat1,cos,0.7318099737167358,0.7563636898994446,0,1
resnet50,bicycle4-cat1,bicycle4,cat1,bicycle4-truck3,clock10-cat1,cos,0.7318099737167358,0.7925846576690674,0,1
resnet50,bicycle4-cat1,bicycle4,cat1,bicycle4-truck3,knife3-cat1,cos,0.7318099737167358,0.7725129127502441,0,1
resnet50,bicycle4-cat1,bicycle4,cat1,bicycle4-truck3,elephant7-cat1,cos,0.7318099737167358,0.7491000890731812,0,1
resnet50,bicycle4-cat1,bicycle4,cat1,bicycle4-truck3,elephant8-cat1,cos,0.7318099737167358,0.751663863658905,0,1
resnet50,bicycle4-cat1,bicycle4,cat1,bicycle4-truck3,elephant2-cat1,cos,0.7318099737167358,0.7478123903274536,0,1
resnet50,bicycle4-cat1,bicycle4,cat1,bicycle4-knife3,car5-cat1,cos,0.7611077427864075,0.7368916869163513,1,0
resnet50,bicycle4-cat1,bicycle4,cat1,bicycle4-knife3,car9-cat1,cos,0.7611077427864075,0.7427013516426086,1,0
resnet50,bicycle4-cat1,bicycle4,cat1,bicycle4-knife3,car8-cat1,cos,0.7611077427864075,0.7400188446044922,1,0
resnet50,bicycle4-cat1,bicycle4,cat1,bicycle4-knife3,dog2-cat1,cos,0.7611077427864075,0.7207768559455872,1,0
resnet50,bicycle4-cat1,bicycle4,cat1,bicycle4-knife3,dog9-cat1,cos,0.7611077427864075,0.6999927163124084,1,0
resnet50,bicycle4-cat1,bicycle4,cat1,bicycle4-knife3,dog6-cat1,cos,0.7611077427864075,0.7264191508293152,1,0
resnet50,bicycle4-cat1,bicycle4,cat1,bicycle4-knife3,bear3-cat1,cos,0.7611077427864075,0.7055180668830872,1,0
resnet50,bicycle4-cat1,bicycle4,cat1,bicycle4-knife3,boat6-cat1,cos,0.7611077427864075,0.7681899070739746,0,1
resnet50,bicycle4-cat1,bicycle4,cat1,bicycle4-knife3,boat10-cat1,cos,0.7611077427864075,0.7529741525650024,1,0
resnet50,bicycle4-cat1,bicycle4,cat1,bicycle4-knife3,oven7-cat1,cos,0.7611077427864075,0.7703510522842407,0,1
resnet50,bicycle4-cat1,bicycle4,cat1,bicycle4-knife3,oven1-cat1,cos,0.7611077427864075,0.7374969720840454,1,0
resnet50,bicycle4-cat1,bicycle4,cat1,bicycle4-knife3,chair10-cat1,cos,0.7611077427864075,0.7968097925186157,0,1
resnet50,bicycle4-cat1,bicycle4,cat1,bicycle4-knife3,chair7-cat1,cos,0.7611077427864075,0.7528191208839417,1,0
resnet50,bicycle4-cat1,bicycle4,cat1,bicycle4-knife3,truck1-cat1,cos,0.7611077427864075,0.7467950582504272,1,0
resnet50,bicycle4-cat1,bicycle4,cat1,bicycle4-knife3,truck3-cat1,cos,0.7611077427864075,0.7587290406227112,1,0
resnet50,bicycle4-cat1,bicycle4,cat1,bicycle4-knife3,bird10-cat1,cos,0.7611077427864075,0.7662137150764465,0,1
resnet50,bicycle4-cat1,bicycle4,cat1,bicycle4-knife3,bird3-cat1,cos,0.7611077427864075,0.7493874430656433,1,0
resnet50,bicycle4-cat1,bicycle4,cat1,bicycle4-knife3,airplane3-cat1,cos,0.7611077427864075,0.7996576428413391,0,1
resnet50,bicycle4-cat1,bicycle4,cat1,bicycle4-knife3,airplane2-cat1,cos,0.7611077427864075,0.810062825679779,0,1
resnet50,bicycle4-cat1,bicycle4,cat1,bicycle4-knife3,bicycle5-cat1,cos,0.7611077427864075,0.8975647687911987,0,1
resnet50,bicycle4-cat1,bicycle4,cat1,bicycle4-knife3,bicycle7-cat1,cos,0.7611077427864075,0.8607221841812134,0,1
resnet50,bicycle4-cat1,bicycle4,cat1,bicycle4-knife3,bicycle6-cat1,cos,0.7611077427864075,0.818971574306488,0,1
resnet50,bicycle4-cat1,bicycle4,cat1,bicycle4-knife3,bottle5-cat1,cos,0.7611077427864075,0.7453671097755432,1,0
resnet50,bicycle4-cat1,bicycle4,cat1,bicycle4-knife3,keyboard5-cat1,cos,0.7611077427864075,0.7508637309074402,1,0
resnet50,bicycle4-cat1,bicycle4,cat1,bicycle4-knife3,keyboard3-cat1,cos,0.7611077427864075,0.7559501528739929,1,0
resnet50,bicycle4-cat1,bicycle4,cat1,bicycle4-knife3,keyboard9-cat1,cos,0.7611077427864075,0.7405200600624084,1,0
resnet50,bicycle4-cat1,bicycle4,cat1,bicycle4-knife3,clock3-cat1,cos,0.7611077427864075,0.8028011322021484,0,1
resnet50,bicycle4-cat1,bicycle4,cat1,bicycle4-knife3,clock9-cat1,cos,0.7611077427864075,0.7903710007667542,0,1
resnet50,bicycle4-cat1,bicycle4,cat1,bicycle4-knife3,clock8-cat1,cos,0.7611077427864075,0.7563636898994446,1,0
resnet50,bicycle4-cat1,bicycle4,cat1,bicycle4-knife3,clock10-cat1,cos,0.7611077427864075,0.7925846576690674,0,1
resnet50,bicycle4-cat1,bicycle4,cat1,bicycle4-knife3,knife3-cat1,cos,0.7611077427864075,0.7725129127502441,0,1
resnet50,bicycle4-cat1,bicycle4,cat1,bicycle4-knife3,elephant7-cat1,cos,0.7611077427864075,0.7491000890731812,1,0
resnet50,bicycle4-cat1,bicycle4,cat1,bicycle4-knife3,elephant8-cat1,cos,0.7611077427864075,0.751663863658905,1,0
resnet50,bicycle4-cat1,bicycle4,cat1,bicycle4-knife3,elephant2-cat1,cos,0.7611077427864075,0.7478123903274536,1,0
resnet50,bicycle4-cat1,bicycle4,cat1,bicycle4-chair2,car5-cat1,cos,0.7345679402351379,0.7368916869163513,0,1
resnet50,bicycle4-cat1,bicycle4,cat1,bicycle4-chair2,car9-cat1,cos,0.7345679402351379,0.7427013516426086,0,1
resnet50,bicycle4-cat1,bicycle4,cat1,bicycle4-chair2,car8-cat1,cos,0.7345679402351379,0.7400188446044922,0,1
resnet50,bicycle4-cat1,bicycle4,cat1,bicycle4-chair2,dog2-cat1,cos,0.7345679402351379,0.7207768559455872,1,0
resnet50,bicycle4-cat1,bicycle4,cat1,bicycle4-chair2,dog9-cat1,cos,0.7345679402351379,0.6999927163124084,1,0
resnet50,bicycle4-cat1,bicycle4,cat1,bicycle4-chair2,dog6-cat1,cos,0.7345679402351379,0.7264191508293152,1,0
resnet50,bicycle4-cat1,bicycle4,cat1,bicycle4-chair2,bear3-cat1,cos,0.7345679402351379,0.7055180668830872,1,0
resnet50,bicycle4-cat1,bicycle4,cat1,bicycle4-chair2,boat6-cat1,cos,0.7345679402351379,0.7681899070739746,0,1
resnet50,bicycle4-cat1,bicycle4,cat1,bicycle4-chair2,boat10-cat1,cos,0.7345679402351379,0.7529741525650024,0,1
resnet50,bicycle4-cat1,bicycle4,cat1,bicycle4-chair2,oven7-cat1,cos,0.7345679402351379,0.7703510522842407,0,1
resnet50,bicycle4-cat1,bicycle4,cat1,bicycle4-chair2,oven1-cat1,cos,0.7345679402351379,0.7374969720840454,0,1
resnet50,bicycle4-cat1,bicycle4,cat1,bicycle4-chair2,chair10-cat1,cos,0.7345679402351379,0.7968097925186157,0,1
resnet50,bicycle4-cat1,bicycle4,cat1,bicycle4-chair2,chair7-cat1,cos,0.7345679402351379,0.7528191208839417,0,1
resnet50,bicycle4-cat1,bicycle4,cat1,bicycle4-chair2,truck1-cat1,cos,0.7345679402351379,0.7467950582504272,0,1
resnet50,bicycle4-cat1,bicycle4,cat1,bicycle4-chair2,truck3-cat1,cos,0.7345679402351379,0.7587290406227112,0,1
resnet50,bicycle4-cat1,bicycle4,cat1,bicycle4-chair2,bird10-cat1,cos,0.7345679402351379,0.7662137150764465,0,1
resnet50,bicycle4-cat1,bicycle4,cat1,bicycle4-chair2,bird3-cat1,cos,0.7345679402351379,0.7493874430656433,0,1
resnet50,bicycle4-cat1,bicycle4,cat1,bicycle4-chair2,airplane3-cat1,cos,0.7345679402351379,0.7996576428413391,0,1
resnet50,bicycle4-cat1,bicycle4,cat1,bicycle4-chair2,airplane2-cat1,cos,0.7345679402351379,0.810062825679779,0,1
resnet50,bicycle4-cat1,bicycle4,cat1,bicycle4-chair2,bicycle5-cat1,cos,0.7345679402351379,0.8975647687911987,0,1
resnet50,bicycle4-cat1,bicycle4,cat1,bicycle4-chair2,bicycle7-cat1,cos,0.7345679402351379,0.8607221841812134,0,1
resnet50,bicycle4-cat1,bicycle4,cat1,bicycle4-chair2,bicycle6-cat1,cos,0.7345679402351379,0.818971574306488,0,1
resnet50,bicycle4-cat1,bicycle4,cat1,bicycle4-chair2,bottle5-cat1,cos,0.7345679402351379,0.7453671097755432,0,1
resnet50,bicycle4-cat1,bicycle4,cat1,bicycle4-chair2,keyboard5-cat1,cos,0.7345679402351379,0.7508637309074402,0,1
resnet50,bicycle4-cat1,bicycle4,cat1,bicycle4-chair2,keyboard3-cat1,cos,0.7345679402351379,0.7559501528739929,0,1
resnet50,bicycle4-cat1,bicycle4,cat1,bicycle4-chair2,keyboard9-cat1,cos,0.7345679402351379,0.7405200600624084,0,1
resnet50,bicycle4-cat1,bicycle4,cat1,bicycle4-chair2,clock3-cat1,cos,0.7345679402351379,0.8028011322021484,0,1
resnet50,bicycle4-cat1,bicycle4,cat1,bicycle4-chair2,clock9-cat1,cos,0.7345679402351379,0.7903710007667542,0,1
resnet50,bicycle4-cat1,bicycle4,cat1,bicycle4-chair2,clock8-cat1,cos,0.7345679402351379,0.7563636898994446,0,1
resnet50,bicycle4-cat1,bicycle4,cat1,bicycle4-chair2,clock10-cat1,cos,0.7345679402351379,0.7925846576690674,0,1
resnet50,bicycle4-cat1,bicycle4,cat1,bicycle4-chair2,knife3-cat1,cos,0.7345679402351379,0.7725129127502441,0,1
resnet50,bicycle4-cat1,bicycle4,cat1,bicycle4-chair2,elephant7-cat1,cos,0.7345679402351379,0.7491000890731812,0,1
resnet50,bicycle4-cat1,bicycle4,cat1,bicycle4-chair2,elephant8-cat1,cos,0.7345679402351379,0.751663863658905,0,1
resnet50,bicycle4-cat1,bicycle4,cat1,bicycle4-chair2,elephant2-cat1,cos,0.7345679402351379,0.7478123903274536,0,1
resnet50,bicycle4-cat1,bicycle4,cat1,bicycle4-keyboard3,car5-cat1,cos,0.722014307975769,0.7368916869163513,0,1
resnet50,bicycle4-cat1,bicycle4,cat1,bicycle4-keyboard3,car9-cat1,cos,0.722014307975769,0.7427013516426086,0,1
resnet50,bicycle4-cat1,bicycle4,cat1,bicycle4-keyboard3,car8-cat1,cos,0.722014307975769,0.7400188446044922,0,1
resnet50,bicycle4-cat1,bicycle4,cat1,bicycle4-keyboard3,dog2-cat1,cos,0.722014307975769,0.7207768559455872,1,0
resnet50,bicycle4-cat1,bicycle4,cat1,bicycle4-keyboard3,dog9-cat1,cos,0.722014307975769,0.6999927163124084,1,0
resnet50,bicycle4-cat1,bicycle4,cat1,bicycle4-keyboard3,dog6-cat1,cos,0.722014307975769,0.7264191508293152,0,1
resnet50,bicycle4-cat1,bicycle4,cat1,bicycle4-keyboard3,bear3-cat1,cos,0.722014307975769,0.7055180668830872,1,0
resnet50,bicycle4-cat1,bicycle4,cat1,bicycle4-keyboard3,boat6-cat1,cos,0.722014307975769,0.7681899070739746,0,1
resnet50,bicycle4-cat1,bicycle4,cat1,bicycle4-keyboard3,boat10-cat1,cos,0.722014307975769,0.7529741525650024,0,1
resnet50,bicycle4-cat1,bicycle4,cat1,bicycle4-keyboard3,oven7-cat1,cos,0.722014307975769,0.7703510522842407,0,1
resnet50,bicycle4-cat1,bicycle4,cat1,bicycle4-keyboard3,oven1-cat1,cos,0.722014307975769,0.7374969720840454,0,1
resnet50,bicycle4-cat1,bicycle4,cat1,bicycle4-keyboard3,chair10-cat1,cos,0.722014307975769,0.7968097925186157,0,1
resnet50,bicycle4-cat1,bicycle4,cat1,bicycle4-keyboard3,chair7-cat1,cos,0.722014307975769,0.7528191208839417,0,1
resnet50,bicycle4-cat1,bicycle4,cat1,bicycle4-keyboard3,truck1-cat1,cos,0.722014307975769,0.7467950582504272,0,1
resnet50,bicycle4-cat1,bicycle4,cat1,bicycle4-keyboard3,truck3-cat1,cos,0.722014307975769,0.7587290406227112,0,1
resnet50,bicycle4-cat1,bicycle4,cat1,bicycle4-keyboard3,bird10-cat1,cos,0.722014307975769,0.7662137150764465,0,1
resnet50,bicycle4-cat1,bicycle4,cat1,bicycle4-keyboard3,bird3-cat1,cos,0.722014307975769,0.7493874430656433,0,1
resnet50,bicycle4-cat1,bicycle4,cat1,bicycle4-keyboard3,airplane3-cat1,cos,0.722014307975769,0.7996576428413391,0,1
resnet50,bicycle4-cat1,bicycle4,cat1,bicycle4-keyboard3,airplane2-cat1,cos,0.722014307975769,0.810062825679779,0,1
resnet50,bicycle4-cat1,bicycle4,cat1,bicycle4-keyboard3,bicycle5-cat1,cos,0.722014307975769,0.8975647687911987,0,1
resnet50,bicycle4-cat1,bicycle4,cat1,bicycle4-keyboard3,bicycle7-cat1,cos,0.722014307975769,0.8607221841812134,0,1
resnet50,bicycle4-cat1,bicycle4,cat1,bicycle4-keyboard3,bicycle6-cat1,cos,0.722014307975769,0.818971574306488,0,1
resnet50,bicycle4-cat1,bicycle4,cat1,bicycle4-keyboard3,bottle5-cat1,cos,0.722014307975769,0.7453671097755432,0,1
resnet50,bicycle4-cat1,bicycle4,cat1,bicycle4-keyboard3,keyboard5-cat1,cos,0.722014307975769,0.7508637309074402,0,1
resnet50,bicycle4-cat1,bicycle4,cat1,bicycle4-keyboard3,keyboard3-cat1,cos,0.722014307975769,0.7559501528739929,0,1
resnet50,bicycle4-cat1,bicycle4,cat1,bicycle4-keyboard3,keyboard9-cat1,cos,0.722014307975769,0.7405200600624084,0,1
resnet50,bicycle4-cat1,bicycle4,cat1,bicycle4-keyboard3,clock3-cat1,cos,0.722014307975769,0.8028011322021484,0,1
resnet50,bicycle4-cat1,bicycle4,cat1,bicycle4-keyboard3,clock9-cat1,cos,0.722014307975769,0.7903710007667542,0,1
resnet50,bicycle4-cat1,bicycle4,cat1,bicycle4-keyboard3,clock8-cat1,cos,0.722014307975769,0.7563636898994446,0,1
resnet50,bicycle4-cat1,bicycle4,cat1,bicycle4-keyboard3,clock10-cat1,cos,0.722014307975769,0.7925846576690674,0,1
resnet50,bicycle4-cat1,bicycle4,cat1,bicycle4-keyboard3,knife3-cat1,cos,0.722014307975769,0.7725129127502441,0,1
resnet50,bicycle4-cat1,bicycle4,cat1,bicycle4-keyboard3,elephant7-cat1,cos,0.722014307975769,0.7491000890731812,0,1
resnet50,bicycle4-cat1,bicycle4,cat1,bicycle4-keyboard3,elephant8-cat1,cos,0.722014307975769,0.751663863658905,0,1
resnet50,bicycle4-cat1,bicycle4,cat1,bicycle4-keyboard3,elephant2-cat1,cos,0.722014307975769,0.7478123903274536,0,1
resnet50,bicycle4-cat1,bicycle4,cat1,bicycle4-clock3,car5-cat1,cos,0.7337573170661926,0.7368916869163513,0,1
resnet50,bicycle4-cat1,bicycle4,cat1,bicycle4-clock3,car9-cat1,cos,0.7337573170661926,0.7427013516426086,0,1
resnet50,bicycle4-cat1,bicycle4,cat1,bicycle4-clock3,car8-cat1,cos,0.7337573170661926,0.7400188446044922,0,1
resnet50,bicycle4-cat1,bicycle4,cat1,bicycle4-clock3,dog2-cat1,cos,0.7337573170661926,0.7207768559455872,1,0
resnet50,bicycle4-cat1,bicycle4,cat1,bicycle4-clock3,dog9-cat1,cos,0.7337573170661926,0.6999927163124084,1,0
resnet50,bicycle4-cat1,bicycle4,cat1,bicycle4-clock3,dog6-cat1,cos,0.7337573170661926,0.7264191508293152,1,0
resnet50,bicycle4-cat1,bicycle4,cat1,bicycle4-clock3,bear3-cat1,cos,0.7337573170661926,0.7055180668830872,1,0
resnet50,bicycle4-cat1,bicycle4,cat1,bicycle4-clock3,boat6-cat1,cos,0.7337573170661926,0.7681899070739746,0,1
resnet50,bicycle4-cat1,bicycle4,cat1,bicycle4-clock3,boat10-cat1,cos,0.7337573170661926,0.7529741525650024,0,1
resnet50,bicycle4-cat1,bicycle4,cat1,bicycle4-clock3,oven7-cat1,cos,0.7337573170661926,0.7703510522842407,0,1
resnet50,bicycle4-cat1,bicycle4,cat1,bicycle4-clock3,oven1-cat1,cos,0.7337573170661926,0.7374969720840454,0,1
resnet50,bicycle4-cat1,bicycle4,cat1,bicycle4-clock3,chair10-cat1,cos,0.7337573170661926,0.7968097925186157,0,1
resnet50,bicycle4-cat1,bicycle4,cat1,bicycle4-clock3,chair7-cat1,cos,0.7337573170661926,0.7528191208839417,0,1
resnet50,bicycle4-cat1,bicycle4,cat1,bicycle4-clock3,truck1-cat1,cos,0.7337573170661926,0.7467950582504272,0,1
resnet50,bicycle4-cat1,bicycle4,cat1,bicycle4-clock3,truck3-cat1,cos,0.7337573170661926,0.7587290406227112,0,1
resnet50,bicycle4-cat1,bicycle4,cat1,bicycle4-clock3,bird10-cat1,cos,0.7337573170661926,0.7662137150764465,0,1
resnet50,bicycle4-cat1,bicycle4,cat1,bicycle4-clock3,bird3-cat1,cos,0.7337573170661926,0.7493874430656433,0,1
resnet50,bicycle4-cat1,bicycle4,cat1,bicycle4-clock3,airplane3-cat1,cos,0.7337573170661926,0.7996576428413391,0,1
resnet50,bicycle4-cat1,bicycle4,cat1,bicycle4-clock3,airplane2-cat1,cos,0.7337573170661926,0.810062825679779,0,1
resnet50,bicycle4-cat1,bicycle4,cat1,bicycle4-clock3,bicycle5-cat1,cos,0.7337573170661926,0.8975647687911987,0,1
resnet50,bicycle4-cat1,bicycle4,cat1,bicycle4-clock3,bicycle7-cat1,cos,0.7337573170661926,0.8607221841812134,0,1
resnet50,bicycle4-cat1,bicycle4,cat1,bicycle4-clock3,bicycle6-cat1,cos,0.7337573170661926,0.818971574306488,0,1
resnet50,bicycle4-cat1,bicycle4,cat1,bicycle4-clock3,bottle5-cat1,cos,0.7337573170661926,0.7453671097755432,0,1
resnet50,bicycle4-cat1,bicycle4,cat1,bicycle4-clock3,keyboard5-cat1,cos,0.7337573170661926,0.7508637309074402,0,1
resnet50,bicycle4-cat1,bicycle4,cat1,bicycle4-clock3,keyboard3-cat1,cos,0.7337573170661926,0.7559501528739929,0,1
resnet50,bicycle4-cat1,bicycle4,cat1,bicycle4-clock3,keyboard9-cat1,cos,0.7337573170661926,0.7405200600624084,0,1
resnet50,bicycle4-cat1,bicycle4,cat1,bicycle4-clock3,clock3-cat1,cos,0.7337573170661926,0.8028011322021484,0,1
resnet50,bicycle4-cat1,bicycle4,cat1,bicycle4-clock3,clock9-cat1,cos,0.7337573170661926,0.7903710007667542,0,1
resnet50,bicycle4-cat1,bicycle4,cat1,bicycle4-clock3,clock8-cat1,cos,0.7337573170661926,0.7563636898994446,0,1
resnet50,bicycle4-cat1,bicycle4,cat1,bicycle4-clock3,clock10-cat1,cos,0.7337573170661926,0.7925846576690674,0,1
resnet50,bicycle4-cat1,bicycle4,cat1,bicycle4-clock3,knife3-cat1,cos,0.7337573170661926,0.7725129127502441,0,1
resnet50,bicycle4-cat1,bicycle4,cat1,bicycle4-clock3,elephant7-cat1,cos,0.7337573170661926,0.7491000890731812,0,1
resnet50,bicycle4-cat1,bicycle4,cat1,bicycle4-clock3,elephant8-cat1,cos,0.7337573170661926,0.751663863658905,0,1
resnet50,bicycle4-cat1,bicycle4,cat1,bicycle4-clock3,elephant2-cat1,cos,0.7337573170661926,0.7478123903274536,0,1
resnet50,bicycle4-cat1,bicycle4,cat1,bicycle4-oven3,car5-cat1,cos,0.7155835628509521,0.7368916869163513,0,1
resnet50,bicycle4-cat1,bicycle4,cat1,bicycle4-oven3,car9-cat1,cos,0.7155835628509521,0.7427013516426086,0,1
resnet50,bicycle4-cat1,bicycle4,cat1,bicycle4-oven3,car8-cat1,cos,0.7155835628509521,0.7400188446044922,0,1
resnet50,bicycle4-cat1,bicycle4,cat1,bicycle4-oven3,dog2-cat1,cos,0.7155835628509521,0.7207768559455872,0,1
resnet50,bicycle4-cat1,bicycle4,cat1,bicycle4-oven3,dog9-cat1,cos,0.7155835628509521,0.6999927163124084,1,0
resnet50,bicycle4-cat1,bicycle4,cat1,bicycle4-oven3,dog6-cat1,cos,0.7155835628509521,0.7264191508293152,0,1
resnet50,bicycle4-cat1,bicycle4,cat1,bicycle4-oven3,bear3-cat1,cos,0.7155835628509521,0.7055180668830872,1,0
resnet50,bicycle4-cat1,bicycle4,cat1,bicycle4-oven3,boat6-cat1,cos,0.7155835628509521,0.7681899070739746,0,1
resnet50,bicycle4-cat1,bicycle4,cat1,bicycle4-oven3,boat10-cat1,cos,0.7155835628509521,0.7529741525650024,0,1
resnet50,bicycle4-cat1,bicycle4,cat1,bicycle4-oven3,oven7-cat1,cos,0.7155835628509521,0.7703510522842407,0,1
resnet50,bicycle4-cat1,bicycle4,cat1,bicycle4-oven3,oven1-cat1,cos,0.7155835628509521,0.7374969720840454,0,1
resnet50,bicycle4-cat1,bicycle4,cat1,bicycle4-oven3,chair10-cat1,cos,0.7155835628509521,0.7968097925186157,0,1
resnet50,bicycle4-cat1,bicycle4,cat1,bicycle4-oven3,chair7-cat1,cos,0.7155835628509521,0.7528191208839417,0,1
resnet50,bicycle4-cat1,bicycle4,cat1,bicycle4-oven3,truck1-cat1,cos,0.7155835628509521,0.7467950582504272,0,1
resnet50,bicycle4-cat1,bicycle4,cat1,bicycle4-oven3,truck3-cat1,cos,0.7155835628509521,0.7587290406227112,0,1
resnet50,bicycle4-cat1,bicycle4,cat1,bicycle4-oven3,bird10-cat1,cos,0.7155835628509521,0.7662137150764465,0,1
resnet50,bicycle4-cat1,bicycle4,cat1,bicycle4-oven3,bird3-cat1,cos,0.7155835628509521,0.7493874430656433,0,1
resnet50,bicycle4-cat1,bicycle4,cat1,bicycle4-oven3,airplane3-cat1,cos,0.7155835628509521,0.7996576428413391,0,1
resnet50,bicycle4-cat1,bicycle4,cat1,bicycle4-oven3,airplane2-cat1,cos,0.7155835628509521,0.810062825679779,0,1
resnet50,bicycle4-cat1,bicycle4,cat1,bicycle4-oven3,bicycle5-cat1,cos,0.7155835628509521,0.8975647687911987,0,1
resnet50,bicycle4-cat1,bicycle4,cat1,bicycle4-oven3,bicycle7-cat1,cos,0.7155835628509521,0.8607221841812134,0,1
resnet50,bicycle4-cat1,bicycle4,cat1,bicycle4-oven3,bicycle6-cat1,cos,0.7155835628509521,0.818971574306488,0,1
resnet50,bicycle4-cat1,bicycle4,cat1,bicycle4-oven3,bottle5-cat1,cos,0.7155835628509521,0.7453671097755432,0,1
resnet50,bicycle4-cat1,bicycle4,cat1,bicycle4-oven3,keyboard5-cat1,cos,0.7155835628509521,0.7508637309074402,0,1
resnet50,bicycle4-cat1,bicycle4,cat1,bicycle4-oven3,keyboard3-cat1,cos,0.7155835628509521,0.7559501528739929,0,1
resnet50,bicycle4-cat1,bicycle4,cat1,bicycle4-oven3,keyboard9-cat1,cos,0.7155835628509521,0.7405200600624084,0,1
resnet50,bicycle4-cat1,bicycle4,cat1,bicycle4-oven3,clock3-cat1,cos,0.7155835628509521,0.8028011322021484,0,1
resnet50,bicycle4-cat1,bicycle4,cat1,bicycle4-oven3,clock9-cat1,cos,0.7155835628509521,0.7903710007667542,0,1
resnet50,bicycle4-cat1,bicycle4,cat1,bicycle4-oven3,clock8-cat1,cos,0.7155835628509521,0.7563636898994446,0,1
resnet50,bicycle4-cat1,bicycle4,cat1,bicycle4-oven3,clock10-cat1,cos,0.7155835628509521,0.7925846576690674,0,1
resnet50,bicycle4-cat1,bicycle4,cat1,bicycle4-oven3,knife3-cat1,cos,0.7155835628509521,0.7725129127502441,0,1
resnet50,bicycle4-cat1,bicycle4,cat1,bicycle4-oven3,elephant7-cat1,cos,0.7155835628509521,0.7491000890731812,0,1
resnet50,bicycle4-cat1,bicycle4,cat1,bicycle4-oven3,elephant8-cat1,cos,0.7155835628509521,0.751663863658905,0,1
resnet50,bicycle4-cat1,bicycle4,cat1,bicycle4-oven3,elephant2-cat1,cos,0.7155835628509521,0.7478123903274536,0,1
resnet50,bicycle4-cat1,bicycle4,cat1,bicycle4-bottle1,car5-cat1,cos,0.7190375924110413,0.7368916869163513,0,1
resnet50,bicycle4-cat1,bicycle4,cat1,bicycle4-bottle1,car9-cat1,cos,0.7190375924110413,0.7427013516426086,0,1
resnet50,bicycle4-cat1,bicycle4,cat1,bicycle4-bottle1,car8-cat1,cos,0.7190375924110413,0.7400188446044922,0,1
resnet50,bicycle4-cat1,bicycle4,cat1,bicycle4-bottle1,dog2-cat1,cos,0.7190375924110413,0.7207768559455872,0,1
resnet50,bicycle4-cat1,bicycle4,cat1,bicycle4-bottle1,dog9-cat1,cos,0.7190375924110413,0.6999927163124084,1,0
resnet50,bicycle4-cat1,bicycle4,cat1,bicycle4-bottle1,dog6-cat1,cos,0.7190375924110413,0.7264191508293152,0,1
resnet50,bicycle4-cat1,bicycle4,cat1,bicycle4-bottle1,bear3-cat1,cos,0.7190375924110413,0.7055180668830872,1,0
resnet50,bicycle4-cat1,bicycle4,cat1,bicycle4-bottle1,boat6-cat1,cos,0.7190375924110413,0.7681899070739746,0,1
resnet50,bicycle4-cat1,bicycle4,cat1,bicycle4-bottle1,boat10-cat1,cos,0.7190375924110413,0.7529741525650024,0,1
resnet50,bicycle4-cat1,bicycle4,cat1,bicycle4-bottle1,oven7-cat1,cos,0.7190375924110413,0.7703510522842407,0,1
resnet50,bicycle4-cat1,bicycle4,cat1,bicycle4-bottle1,oven1-cat1,cos,0.7190375924110413,0.7374969720840454,0,1
resnet50,bicycle4-cat1,bicycle4,cat1,bicycle4-bottle1,chair10-cat1,cos,0.7190375924110413,0.7968097925186157,0,1
resnet50,bicycle4-cat1,bicycle4,cat1,bicycle4-bottle1,chair7-cat1,cos,0.7190375924110413,0.7528191208839417,0,1
resnet50,bicycle4-cat1,bicycle4,cat1,bicycle4-bottle1,truck1-cat1,cos,0.7190375924110413,0.7467950582504272,0,1
resnet50,bicycle4-cat1,bicycle4,cat1,bicycle4-bottle1,truck3-cat1,cos,0.7190375924110413,0.7587290406227112,0,1
resnet50,bicycle4-cat1,bicycle4,cat1,bicycle4-bottle1,bird10-cat1,cos,0.7190375924110413,0.7662137150764465,0,1
resnet50,bicycle4-cat1,bicycle4,cat1,bicycle4-bottle1,bird3-cat1,cos,0.7190375924110413,0.7493874430656433,0,1
resnet50,bicycle4-cat1,bicycle4,cat1,bicycle4-bottle1,airplane3-cat1,cos,0.7190375924110413,0.7996576428413391,0,1
resnet50,bicycle4-cat1,bicycle4,cat1,bicycle4-bottle1,airplane2-cat1,cos,0.7190375924110413,0.810062825679779,0,1
resnet50,bicycle4-cat1,bicycle4,cat1,bicycle4-bottle1,bicycle5-cat1,cos,0.7190375924110413,0.8975647687911987,0,1
resnet50,bicycle4-cat1,bicycle4,cat1,bicycle4-bottle1,bicycle7-cat1,cos,0.7190375924110413,0.8607221841812134,0,1
resnet50,bicycle4-cat1,bicycle4,cat1,bicycle4-bottle1,bicycle6-cat1,cos,0.7190375924110413,0.818971574306488,0,1
resnet50,bicycle4-cat1,bicycle4,cat1,bicycle4-bottle1,bottle5-cat1,cos,0.7190375924110413,0.7453671097755432,0,1
resnet50,bicycle4-cat1,bicycle4,cat1,bicycle4-bottle1,keyboard5-cat1,cos,0.7190375924110413,0.7508637309074402,0,1
resnet50,bicycle4-cat1,bicycle4,cat1,bicycle4-bottle1,keyboard3-cat1,cos,0.7190375924110413,0.7559501528739929,0,1
resnet50,bicycle4-cat1,bicycle4,cat1,bicycle4-bottle1,keyboard9-cat1,cos,0.7190375924110413,0.7405200600624084,0,1
resnet50,bicycle4-cat1,bicycle4,cat1,bicycle4-bottle1,clock3-cat1,cos,0.7190375924110413,0.8028011322021484,0,1
resnet50,bicycle4-cat1,bicycle4,cat1,bicycle4-bottle1,clock9-cat1,cos,0.7190375924110413,0.7903710007667542,0,1
resnet50,bicycle4-cat1,bicycle4,cat1,bicycle4-bottle1,clock8-cat1,cos,0.7190375924110413,0.7563636898994446,0,1
resnet50,bicycle4-cat1,bicycle4,cat1,bicycle4-bottle1,clock10-cat1,cos,0.7190375924110413,0.7925846576690674,0,1
resnet50,bicycle4-cat1,bicycle4,cat1,bicycle4-bottle1,knife3-cat1,cos,0.7190375924110413,0.7725129127502441,0,1
resnet50,bicycle4-cat1,bicycle4,cat1,bicycle4-bottle1,elephant7-cat1,cos,0.7190375924110413,0.7491000890731812,0,1
resnet50,bicycle4-cat1,bicycle4,cat1,bicycle4-bottle1,elephant8-cat1,cos,0.7190375924110413,0.751663863658905,0,1
resnet50,bicycle4-cat1,bicycle4,cat1,bicycle4-bottle1,elephant2-cat1,cos,0.7190375924110413,0.7478123903274536,0,1
resnet50,bicycle4-cat1,bicycle4,cat1,bicycle4-boat1,car5-cat1,ed,24.43660545349121,23.412752151489258,0,1
resnet50,bicycle4-cat1,bicycle4,cat1,bicycle4-boat1,car9-cat1,ed,24.43660545349121,24.089406967163086,0,1
resnet50,bicycle4-cat1,bicycle4,cat1,bicycle4-boat1,car8-cat1,ed,24.43660545349121,23.685815811157227,0,1
resnet50,bicycle4-cat1,bicycle4,cat1,bicycle4-boat1,dog2-cat1,ed,24.43660545349121,24.286956787109375,0,1
resnet50,bicycle4-cat1,bicycle4,cat1,bicycle4-boat1,dog9-cat1,ed,24.43660545349121,25.508312225341797,1,0
resnet50,bicycle4-cat1,bicycle4,cat1,bicycle4-boat1,dog6-cat1,ed,24.43660545349121,23.55219841003418,0,1
resnet50,bicycle4-cat1,bicycle4,cat1,bicycle4-boat1,bear3-cat1,ed,24.43660545349121,24.13985824584961,0,1
resnet50,bicycle4-cat1,bicycle4,cat1,bicycle4-boat1,boat6-cat1,ed,24.43660545349121,22.397367477416992,0,1
resnet50,bicycle4-cat1,bicycle4,cat1,bicycle4-boat1,boat10-cat1,ed,24.43660545349121,22.4505615234375,0,1
resnet50,bicycle4-cat1,bicycle4,cat1,bicycle4-boat1,oven7-cat1,ed,24.43660545349121,21.790952682495117,0,1
resnet50,bicycle4-cat1,bicycle4,cat1,bicycle4-boat1,oven1-cat1,ed,24.43660545349121,23.356691360473633,0,1
resnet50,bicycle4-cat1,bicycle4,cat1,bicycle4-boat1,chair10-cat1,ed,24.43660545349121,20.005340576171875,0,1
resnet50,bicycle4-cat1,bicycle4,cat1,bicycle4-boat1,chair7-cat1,ed,24.43660545349121,22.124462127685547,0,1
resnet50,bicycle4-cat1,bicycle4,cat1,bicycle4-boat1,truck1-cat1,ed,24.43660545349121,22.8074893951416,0,1
resnet50,bicycle4-cat1,bicycle4,cat1,bicycle4-boat1,truck3-cat1,ed,24.43660545349121,22.167423248291016,0,1
resnet50,bicycle4-cat1,bicycle4,cat1,bicycle4-boat1,bird10-cat1,ed,24.43660545349121,21.787071228027344,0,1
resnet50,bicycle4-cat1,bicycle4,cat1,bicycle4-boat1,bird3-cat1,ed,24.43660545349121,23.02672004699707,0,1
resnet50,bicycle4-cat1,bicycle4,cat1,bicycle4-boat1,airplane3-cat1,ed,24.43660545349121,20.257829666137695,0,1
resnet50,bicycle4-cat1,bicycle4,cat1,bicycle4-boat1,airplane2-cat1,ed,24.43660545349121,20.874126434326172,0,1
resnet50,bicycle4-cat1,bicycle4,cat1,bicycle4-boat1,bicycle5-cat1,ed,24.43660545349121,14.978311538696289,0,1
resnet50,bicycle4-cat1,bicycle4,cat1,bicycle4-boat1,bicycle7-cat1,ed,24.43660545349121,18.5078067779541,0,1
resnet50,bicycle4-cat1,bicycle4,cat1,bicycle4-boat1,bicycle6-cat1,ed,24.43660545349121,19.29867172241211,0,1
resnet50,bicycle4-cat1,bicycle4,cat1,bicycle4-boat1,bottle5-cat1,ed,24.43660545349121,22.60205841064453,0,1
resnet50,bicycle4-cat1,bicycle4,cat1,bicycle4-boat1,keyboard5-cat1,ed,24.43660545349121,22.078174591064453,0,1
resnet50,bicycle4-cat1,bicycle4,cat1,bicycle4-boat1,keyboard3-cat1,ed,24.43660545349121,22.352323532104492,0,1
resnet50,bicycle4-cat1,bicycle4,cat1,bicycle4-boat1,keyboard9-cat1,ed,24.43660545349121,22.65760040283203,0,1
resnet50,bicycle4-cat1,bicycle4,cat1,bicycle4-boat1,clock3-cat1,ed,24.43660545349121,20.163938522338867,0,1
resnet50,bicycle4-cat1,bicycle4,cat1,bicycle4-boat1,clock9-cat1,ed,24.43660545349121,21.32000732421875,0,1
resnet50,bicycle4-cat1,bicycle4,cat1,bicycle4-boat1,clock8-cat1,ed,24.43660545349121,22.484081268310547,0,1
resnet50,bicycle4-cat1,bicycle4,cat1,bicycle4-boat1,clock10-cat1,ed,24.43660545349121,20.23181915283203,0,1
resnet50,bicycle4-cat1,bicycle4,cat1,bicycle4-boat1,knife3-cat1,ed,24.43660545349121,22.348859786987305,0,1
resnet50,bicycle4-cat1,bicycle4,cat1,bicycle4-boat1,elephant7-cat1,ed,24.43660545349121,22.452959060668945,0,1
resnet50,bicycle4-cat1,bicycle4,cat1,bicycle4-boat1,elephant8-cat1,ed,24.43660545349121,22.35369110107422,0,1
resnet50,bicycle4-cat1,bicycle4,cat1,bicycle4-boat1,elephant2-cat1,ed,24.43660545349121,23.084089279174805,0,1
resnet50,bicycle4-cat1,bicycle4,cat1,bicycle4-airplane1,car5-cat1,ed,24.68032455444336,23.412752151489258,0,1
resnet50,bicycle4-cat1,bicycle4,cat1,bicycle4-airplane1,car9-cat1,ed,24.68032455444336,24.089406967163086,0,1
resnet50,bicycle4-cat1,bicycle4,cat1,bicycle4-airplane1,car8-cat1,ed,24.68032455444336,23.685815811157227,0,1
resnet50,bicycle4-cat1,bicycle4,cat1,bicycle4-airplane1,dog2-cat1,ed,24.68032455444336,24.286956787109375,0,1
resnet50,bicycle4-cat1,bicycle4,cat1,bicycle4-airplane1,dog9-cat1,ed,24.68032455444336,25.508312225341797,1,0
resnet50,bicycle4-cat1,bicycle4,cat1,bicycle4-airplane1,dog6-cat1,ed,24.68032455444336,23.55219841003418,0,1
resnet50,bicycle4-cat1,bicycle4,cat1,bicycle4-airplane1,bear3-cat1,ed,24.68032455444336,24.13985824584961,0,1
resnet50,bicycle4-cat1,bicycle4,cat1,bicycle4-airplane1,boat6-cat1,ed,24.68032455444336,22.397367477416992,0,1
resnet50,bicycle4-cat1,bicycle4,cat1,bicycle4-airplane1,boat10-cat1,ed,24.68032455444336,22.4505615234375,0,1
resnet50,bicycle4-cat1,bicycle4,cat1,bicycle4-airplane1,oven7-cat1,ed,24.68032455444336,21.790952682495117,0,1
resnet50,bicycle4-cat1,bicycle4,cat1,bicycle4-airplane1,oven1-cat1,ed,24.68032455444336,23.356691360473633,0,1
resnet50,bicycle4-cat1,bicycle4,cat1,bicycle4-airplane1,chair10-cat1,ed,24.68032455444336,20.005340576171875,0,1
resnet50,bicycle4-cat1,bicycle4,cat1,bicycle4-airplane1,chair7-cat1,ed,24.68032455444336,22.124462127685547,0,1
resnet50,bicycle4-cat1,bicycle4,cat1,bicycle4-airplane1,truck1-cat1,ed,24.68032455444336,22.8074893951416,0,1
resnet50,bicycle4-cat1,bicycle4,cat1,bicycle4-airplane1,truck3-cat1,ed,24.68032455444336,22.167423248291016,0,1
resnet50,bicycle4-cat1,bicycle4,cat1,bicycle4-airplane1,bird10-cat1,ed,24.68032455444336,21.787071228027344,0,1
resnet50,bicycle4-cat1,bicycle4,cat1,bicycle4-airplane1,bird3-cat1,ed,24.68032455444336,23.02672004699707,0,1
resnet50,bicycle4-cat1,bicycle4,cat1,bicycle4-airplane1,airplane3-cat1,ed,24.68032455444336,20.257829666137695,0,1
resnet50,bicycle4-cat1,bicycle4,cat1,bicycle4-airplane1,airplane2-cat1,ed,24.68032455444336,20.874126434326172,0,1
resnet50,bicycle4-cat1,bicycle4,cat1,bicycle4-airplane1,bicycle5-cat1,ed,24.68032455444336,14.978311538696289,0,1
resnet50,bicycle4-cat1,bicycle4,cat1,bicycle4-airplane1,bicycle7-cat1,ed,24.68032455444336,18.5078067779541,0,1
resnet50,bicycle4-cat1,bicycle4,cat1,bicycle4-airplane1,bicycle6-cat1,ed,24.68032455444336,19.29867172241211,0,1
resnet50,bicycle4-cat1,bicycle4,cat1,bicycle4-airplane1,bottle5-cat1,ed,24.68032455444336,22.60205841064453,0,1
resnet50,bicycle4-cat1,bicycle4,cat1,bicycle4-airplane1,keyboard5-cat1,ed,24.68032455444336,22.078174591064453,0,1
resnet50,bicycle4-cat1,bicycle4,cat1,bicycle4-airplane1,keyboard3-cat1,ed,24.68032455444336,22.352323532104492,0,1
resnet50,bicycle4-cat1,bicycle4,cat1,bicycle4-airplane1,keyboard9-cat1,ed,24.68032455444336,22.65760040283203,0,1
resnet50,bicycle4-cat1,bicycle4,cat1,bicycle4-airplane1,clock3-cat1,ed,24.68032455444336,20.163938522338867,0,1
resnet50,bicycle4-cat1,bicycle4,cat1,bicycle4-airplane1,clock9-cat1,ed,24.68032455444336,21.32000732421875,0,1
resnet50,bicycle4-cat1,bicycle4,cat1,bicycle4-airplane1,clock8-cat1,ed,24.68032455444336,22.484081268310547,0,1
resnet50,bicycle4-cat1,bicycle4,cat1,bicycle4-airplane1,clock10-cat1,ed,24.68032455444336,20.23181915283203,0,1
resnet50,bicycle4-cat1,bicycle4,cat1,bicycle4-airplane1,knife3-cat1,ed,24.68032455444336,22.348859786987305,0,1
resnet50,bicycle4-cat1,bicycle4,cat1,bicycle4-airplane1,elephant7-cat1,ed,24.68032455444336,22.452959060668945,0,1
resnet50,bicycle4-cat1,bicycle4,cat1,bicycle4-airplane1,elephant8-cat1,ed,24.68032455444336,22.35369110107422,0,1
resnet50,bicycle4-cat1,bicycle4,cat1,bicycle4-airplane1,elephant2-cat1,ed,24.68032455444336,23.084089279174805,0,1
resnet50,bicycle4-cat1,bicycle4,cat1,bicycle4-car2,car5-cat1,ed,25.341232299804688,23.412752151489258,0,1
resnet50,bicycle4-cat1,bicycle4,cat1,bicycle4-car2,car9-cat1,ed,25.341232299804688,24.089406967163086,0,1
resnet50,bicycle4-cat1,bicycle4,cat1,bicycle4-car2,car8-cat1,ed,25.341232299804688,23.685815811157227,0,1
resnet50,bicycle4-cat1,bicycle4,cat1,bicycle4-car2,dog2-cat1,ed,25.341232299804688,24.286956787109375,0,1
resnet50,bicycle4-cat1,bicycle4,cat1,bicycle4-car2,dog9-cat1,ed,25.341232299804688,25.508312225341797,1,0
resnet50,bicycle4-cat1,bicycle4,cat1,bicycle4-car2,dog6-cat1,ed,25.341232299804688,23.55219841003418,0,1
resnet50,bicycle4-cat1,bicycle4,cat1,bicycle4-car2,bear3-cat1,ed,25.341232299804688,24.13985824584961,0,1
resnet50,bicycle4-cat1,bicycle4,cat1,bicycle4-car2,boat6-cat1,ed,25.341232299804688,22.397367477416992,0,1
resnet50,bicycle4-cat1,bicycle4,cat1,bicycle4-car2,boat10-cat1,ed,25.341232299804688,22.4505615234375,0,1
resnet50,bicycle4-cat1,bicycle4,cat1,bicycle4-car2,oven7-cat1,ed,25.341232299804688,21.790952682495117,0,1
resnet50,bicycle4-cat1,bicycle4,cat1,bicycle4-car2,oven1-cat1,ed,25.341232299804688,23.356691360473633,0,1
resnet50,bicycle4-cat1,bicycle4,cat1,bicycle4-car2,chair10-cat1,ed,25.341232299804688,20.005340576171875,0,1
resnet50,bicycle4-cat1,bicycle4,cat1,bicycle4-car2,chair7-cat1,ed,25.341232299804688,22.124462127685547,0,1
resnet50,bicycle4-cat1,bicycle4,cat1,bicycle4-car2,truck1-cat1,ed,25.341232299804688,22.8074893951416,0,1
resnet50,bicycle4-cat1,bicycle4,cat1,bicycle4-car2,truck3-cat1,ed,25.341232299804688,22.167423248291016,0,1
resnet50,bicycle4-cat1,bicycle4,cat1,bicycle4-car2,bird10-cat1,ed,25.341232299804688,21.787071228027344,0,1
resnet50,bicycle4-cat1,bicycle4,cat1,bicycle4-car2,bird3-cat1,ed,25.341232299804688,23.02672004699707,0,1
resnet50,bicycle4-cat1,bicycle4,cat1,bicycle4-car2,airplane3-cat1,ed,25.341232299804688,20.257829666137695,0,1
resnet50,bicycle4-cat1,bicycle4,cat1,bicycle4-car2,airplane2-cat1,ed,25.341232299804688,20.874126434326172,0,1
resnet50,bicycle4-cat1,bicycle4,cat1,bicycle4-car2,bicycle5-cat1,ed,25.341232299804688,14.978311538696289,0,1
resnet50,bicycle4-cat1,bicycle4,cat1,bicycle4-car2,bicycle7-cat1,ed,25.341232299804688,18.5078067779541,0,1
resnet50,bicycle4-cat1,bicycle4,cat1,bicycle4-car2,bicycle6-cat1,ed,25.341232299804688,19.29867172241211,0,1
resnet50,bicycle4-cat1,bicycle4,cat1,bicycle4-car2,bottle5-cat1,ed,25.341232299804688,22.60205841064453,0,1
resnet50,bicycle4-cat1,bicycle4,cat1,bicycle4-car2,keyboard5-cat1,ed,25.341232299804688,22.078174591064453,0,1
resnet50,bicycle4-cat1,bicycle4,cat1,bicycle4-car2,keyboard3-cat1,ed,25.341232299804688,22.352323532104492,0,1
resnet50,bicycle4-cat1,bicycle4,cat1,bicycle4-car2,keyboard9-cat1,ed,25.341232299804688,22.65760040283203,0,1
resnet50,bicycle4-cat1,bicycle4,cat1,bicycle4-car2,clock3-cat1,ed,25.341232299804688,20.163938522338867,0,1
resnet50,bicycle4-cat1,bicycle4,cat1,bicycle4-car2,clock9-cat1,ed,25.341232299804688,21.32000732421875,0,1
resnet50,bicycle4-cat1,bicycle4,cat1,bicycle4-car2,clock8-cat1,ed,25.341232299804688,22.484081268310547,0,1
resnet50,bicycle4-cat1,bicycle4,cat1,bicycle4-car2,clock10-cat1,ed,25.341232299804688,20.23181915283203,0,1
resnet50,bicycle4-cat1,bicycle4,cat1,bicycle4-car2,knife3-cat1,ed,25.341232299804688,22.348859786987305,0,1
resnet50,bicycle4-cat1,bicycle4,cat1,bicycle4-car2,elephant7-cat1,ed,25.341232299804688,22.452959060668945,0,1
resnet50,bicycle4-cat1,bicycle4,cat1,bicycle4-car2,elephant8-cat1,ed,25.341232299804688,22.35369110107422,0,1
resnet50,bicycle4-cat1,bicycle4,cat1,bicycle4-car2,elephant2-cat1,ed,25.341232299804688,23.084089279174805,0,1
resnet50,bicycle4-cat1,bicycle4,cat1,bicycle4-truck3,car5-cat1,ed,24.782682418823242,23.412752151489258,0,1
resnet50,bicycle4-cat1,bicycle4,cat1,bicycle4-truck3,car9-cat1,ed,24.782682418823242,24.089406967163086,0,1
resnet50,bicycle4-cat1,bicycle4,cat1,bicycle4-truck3,car8-cat1,ed,24.782682418823242,23.685815811157227,0,1
resnet50,bicycle4-cat1,bicycle4,cat1,bicycle4-truck3,dog2-cat1,ed,24.782682418823242,24.286956787109375,0,1
resnet50,bicycle4-cat1,bicycle4,cat1,bicycle4-truck3,dog9-cat1,ed,24.782682418823242,25.508312225341797,1,0
resnet50,bicycle4-cat1,bicycle4,cat1,bicycle4-truck3,dog6-cat1,ed,24.782682418823242,23.55219841003418,0,1
resnet50,bicycle4-cat1,bicycle4,cat1,bicycle4-truck3,bear3-cat1,ed,24.782682418823242,24.13985824584961,0,1
resnet50,bicycle4-cat1,bicycle4,cat1,bicycle4-truck3,boat6-cat1,ed,24.782682418823242,22.397367477416992,0,1
resnet50,bicycle4-cat1,bicycle4,cat1,bicycle4-truck3,boat10-cat1,ed,24.782682418823242,22.4505615234375,0,1
resnet50,bicycle4-cat1,bicycle4,cat1,bicycle4-truck3,oven7-cat1,ed,24.782682418823242,21.790952682495117,0,1
resnet50,bicycle4-cat1,bicycle4,cat1,bicycle4-truck3,oven1-cat1,ed,24.782682418823242,23.356691360473633,0,1
resnet50,bicycle4-cat1,bicycle4,cat1,bicycle4-truck3,chair10-cat1,ed,24.782682418823242,20.005340576171875,0,1
resnet50,bicycle4-cat1,bicycle4,cat1,bicycle4-truck3,chair7-cat1,ed,24.782682418823242,22.124462127685547,0,1
resnet50,bicycle4-cat1,bicycle4,cat1,bicycle4-truck3,truck1-cat1,ed,24.782682418823242,22.8074893951416,0,1
resnet50,bicycle4-cat1,bicycle4,cat1,bicycle4-truck3,truck3-cat1,ed,24.782682418823242,22.167423248291016,0,1
resnet50,bicycle4-cat1,bicycle4,cat1,bicycle4-truck3,bird10-cat1,ed,24.782682418823242,21.787071228027344,0,1
resnet50,bicycle4-cat1,bicycle4,cat1,bicycle4-truck3,bird3-cat1,ed,24.782682418823242,23.02672004699707,0,1
resnet50,bicycle4-cat1,bicycle4,cat1,bicycle4-truck3,airplane3-cat1,ed,24.782682418823242,20.257829666137695,0,1
resnet50,bicycle4-cat1,bicycle4,cat1,bicycle4-truck3,airplane2-cat1,ed,24.782682418823242,20.874126434326172,0,1
resnet50,bicycle4-cat1,bicycle4,cat1,bicycle4-truck3,bicycle5-cat1,ed,24.782682418823242,14.978311538696289,0,1
resnet50,bicycle4-cat1,bicycle4,cat1,bicycle4-truck3,bicycle7-cat1,ed,24.782682418823242,18.5078067779541,0,1
resnet50,bicycle4-cat1,bicycle4,cat1,bicycle4-truck3,bicycle6-cat1,ed,24.782682418823242,19.29867172241211,0,1
resnet50,bicycle4-cat1,bicycle4,cat1,bicycle4-truck3,bottle5-cat1,ed,24.782682418823242,22.60205841064453,0,1
resnet50,bicycle4-cat1,bicycle4,cat1,bicycle4-truck3,keyboard5-cat1,ed,24.782682418823242,22.078174591064453,0,1
resnet50,bicycle4-cat1,bicycle4,cat1,bicycle4-truck3,keyboard3-cat1,ed,24.782682418823242,22.352323532104492,0,1
resnet50,bicycle4-cat1,bicycle4,cat1,bicycle4-truck3,keyboard9-cat1,ed,24.782682418823242,22.65760040283203,0,1
resnet50,bicycle4-cat1,bicycle4,cat1,bicycle4-truck3,clock3-cat1,ed,24.782682418823242,20.163938522338867,0,1
resnet50,bicycle4-cat1,bicycle4,cat1,bicycle4-truck3,clock9-cat1,ed,24.782682418823242,21.32000732421875,0,1
resnet50,bicycle4-cat1,bicycle4,cat1,bicycle4-truck3,clock8-cat1,ed,24.782682418823242,22.484081268310547,0,1
resnet50,bicycle4-cat1,bicycle4,cat1,bicycle4-truck3,clock10-cat1,ed,24.782682418823242,20.23181915283203,0,1
resnet50,bicycle4-cat1,bicycle4,cat1,bicycle4-truck3,knife3-cat1,ed,24.782682418823242,22.348859786987305,0,1
resnet50,bicycle4-cat1,bicycle4,cat1,bicycle4-truck3,elephant7-cat1,ed,24.782682418823242,22.452959060668945,0,1
resnet50,bicycle4-cat1,bicycle4,cat1,bicycle4-truck3,elephant8-cat1,ed,24.782682418823242,22.35369110107422,0,1
resnet50,bicycle4-cat1,bicycle4,cat1,bicycle4-truck3,elephant2-cat1,ed,24.782682418823242,23.084089279174805,0,1
resnet50,bicycle4-cat1,bicycle4,cat1,bicycle4-knife3,car5-cat1,ed,23.16010284423828,23.412752151489258,1,0
resnet50,bicycle4-cat1,bicycle4,cat1,bicycle4-knife3,car9-cat1,ed,23.16010284423828,24.089406967163086,1,0
resnet50,bicycle4-cat1,bicycle4,cat1,bicycle4-knife3,car8-cat1,ed,23.16010284423828,23.685815811157227,1,0
resnet50,bicycle4-cat1,bicycle4,cat1,bicycle4-knife3,dog2-cat1,ed,23.16010284423828,24.286956787109375,1,0
resnet50,bicycle4-cat1,bicycle4,cat1,bicycle4-knife3,dog9-cat1,ed,23.16010284423828,25.508312225341797,1,0
resnet50,bicycle4-cat1,bicycle4,cat1,bicycle4-knife3,dog6-cat1,ed,23.16010284423828,23.55219841003418,1,0
resnet50,bicycle4-cat1,bicycle4,cat1,bicycle4-knife3,bear3-cat1,ed,23.16010284423828,24.13985824584961,1,0
resnet50,bicycle4-cat1,bicycle4,cat1,bicycle4-knife3,boat6-cat1,ed,23.16010284423828,22.397367477416992,0,1
resnet50,bicycle4-cat1,bicycle4,cat1,bicycle4-knife3,boat10-cat1,ed,23.16010284423828,22.4505615234375,0,1
resnet50,bicycle4-cat1,bicycle4,cat1,bicycle4-knife3,oven7-cat1,ed,23.16010284423828,21.790952682495117,0,1
resnet50,bicycle4-cat1,bicycle4,cat1,bicycle4-knife3,oven1-cat1,ed,23.16010284423828,23.356691360473633,1,0
resnet50,bicycle4-cat1,bicycle4,cat1,bicycle4-knife3,chair10-cat1,ed,23.16010284423828,20.005340576171875,0,1
resnet50,bicycle4-cat1,bicycle4,cat1,bicycle4-knife3,chair7-cat1,ed,23.16010284423828,22.124462127685547,0,1
resnet50,bicycle4-cat1,bicycle4,cat1,bicycle4-knife3,truck1-cat1,ed,23.16010284423828,22.8074893951416,0,1
resnet50,bicycle4-cat1,bicycle4,cat1,bicycle4-knife3,truck3-cat1,ed,23.16010284423828,22.167423248291016,0,1
resnet50,bicycle4-cat1,bicycle4,cat1,bicycle4-knife3,bird10-cat1,ed,23.16010284423828,21.787071228027344,0,1
resnet50,bicycle4-cat1,bicycle4,cat1,bicycle4-knife3,bird3-cat1,ed,23.16010284423828,23.02672004699707,0,1
resnet50,bicycle4-cat1,bicycle4,cat1,bicycle4-knife3,airplane3-cat1,ed,23.16010284423828,20.257829666137695,0,1
resnet50,bicycle4-cat1,bicycle4,cat1,bicycle4-knife3,airplane2-cat1,ed,23.16010284423828,20.874126434326172,0,1
resnet50,bicycle4-cat1,bicycle4,cat1,bicycle4-knife3,bicycle5-cat1,ed,23.16010284423828,14.978311538696289,0,1
resnet50,bicycle4-cat1,bicycle4,cat1,bicycle4-knife3,bicycle7-cat1,ed,23.16010284423828,18.5078067779541,0,1
resnet50,bicycle4-cat1,bicycle4,cat1,bicycle4-knife3,bicycle6-cat1,ed,23.16010284423828,19.29867172241211,0,1
resnet50,bicycle4-cat1,bicycle4,cat1,bicycle4-knife3,bottle5-cat1,ed,23.16010284423828,22.60205841064453,0,1
resnet50,bicycle4-cat1,bicycle4,cat1,bicycle4-knife3,keyboard5-cat1,ed,23.16010284423828,22.078174591064453,0,1
resnet50,bicycle4-cat1,bicycle4,cat1,bicycle4-knife3,keyboard3-cat1,ed,23.16010284423828,22.352323532104492,0,1
resnet50,bicycle4-cat1,bicycle4,cat1,bicycle4-knife3,keyboard9-cat1,ed,23.16010284423828,22.65760040283203,0,1
resnet50,bicycle4-cat1,bicycle4,cat1,bicycle4-knife3,clock3-cat1,ed,23.16010284423828,20.163938522338867,0,1
resnet50,bicycle4-cat1,bicycle4,cat1,bicycle4-knife3,clock9-cat1,ed,23.16010284423828,21.32000732421875,0,1
resnet50,bicycle4-cat1,bicycle4,cat1,bicycle4-knife3,clock8-cat1,ed,23.16010284423828,22.484081268310547,0,1
resnet50,bicycle4-cat1,bicycle4,cat1,bicycle4-knife3,clock10-cat1,ed,23.16010284423828,20.23181915283203,0,1
resnet50,bicycle4-cat1,bicycle4,cat1,bicycle4-knife3,knife3-cat1,ed,23.16010284423828,22.348859786987305,0,1
resnet50,bicycle4-cat1,bicycle4,cat1,bicycle4-knife3,elephant7-cat1,ed,23.16010284423828,22.452959060668945,0,1
resnet50,bicycle4-cat1,bicycle4,cat1,bicycle4-knife3,elephant8-cat1,ed,23.16010284423828,22.35369110107422,0,1
resnet50,bicycle4-cat1,bicycle4,cat1,bicycle4-knife3,elephant2-cat1,ed,23.16010284423828,23.084089279174805,0,1
resnet50,bicycle4-cat1,bicycle4,cat1,bicycle4-chair2,car5-cat1,ed,24.148664474487305,23.412752151489258,0,1
resnet50,bicycle4-cat1,bicycle4,cat1,bicycle4-chair2,car9-cat1,ed,24.148664474487305,24.089406967163086,0,1
resnet50,bicycle4-cat1,bicycle4,cat1,bicycle4-chair2,car8-cat1,ed,24.148664474487305,23.685815811157227,0,1
resnet50,bicycle4-cat1,bicycle4,cat1,bicycle4-chair2,dog2-cat1,ed,24.148664474487305,24.286956787109375,1,0
resnet50,bicycle4-cat1,bicycle4,cat1,bicycle4-chair2,dog9-cat1,ed,24.148664474487305,25.508312225341797,1,0
resnet50,bicycle4-cat1,bicycle4,cat1,bicycle4-chair2,dog6-cat1,ed,24.148664474487305,23.55219841003418,0,1
resnet50,bicycle4-cat1,bicycle4,cat1,bicycle4-chair2,bear3-cat1,ed,24.148664474487305,24.13985824584961,0,1
resnet50,bicycle4-cat1,bicycle4,cat1,bicycle4-chair2,boat6-cat1,ed,24.148664474487305,22.397367477416992,0,1
resnet50,bicycle4-cat1,bicycle4,cat1,bicycle4-chair2,boat10-cat1,ed,24.148664474487305,22.4505615234375,0,1
resnet50,bicycle4-cat1,bicycle4,cat1,bicycle4-chair2,oven7-cat1,ed,24.148664474487305,21.790952682495117,0,1
resnet50,bicycle4-cat1,bicycle4,cat1,bicycle4-chair2,oven1-cat1,ed,24.148664474487305,23.356691360473633,0,1
resnet50,bicycle4-cat1,bicycle4,cat1,bicycle4-chair2,chair10-cat1,ed,24.148664474487305,20.005340576171875,0,1
resnet50,bicycle4-cat1,bicycle4,cat1,bicycle4-chair2,chair7-cat1,ed,24.148664474487305,22.124462127685547,0,1
resnet50,bicycle4-cat1,bicycle4,cat1,bicycle4-chair2,truck1-cat1,ed,24.148664474487305,22.8074893951416,0,1
resnet50,bicycle4-cat1,bicycle4,cat1,bicycle4-chair2,truck3-cat1,ed,24.148664474487305,22.167423248291016,0,1
resnet50,bicycle4-cat1,bicycle4,cat1,bicycle4-chair2,bird10-cat1,ed,24.148664474487305,21.787071228027344,0,1
resnet50,bicycle4-cat1,bicycle4,cat1,bicycle4-chair2,bird3-cat1,ed,24.148664474487305,23.02672004699707,0,1
resnet50,bicycle4-cat1,bicycle4,cat1,bicycle4-chair2,airplane3-cat1,ed,24.148664474487305,20.257829666137695,0,1
resnet50,bicycle4-cat1,bicycle4,cat1,bicycle4-chair2,airplane2-cat1,ed,24.148664474487305,20.874126434326172,0,1
resnet50,bicycle4-cat1,bicycle4,cat1,bicycle4-chair2,bicycle5-cat1,ed,24.148664474487305,14.978311538696289,0,1
resnet50,bicycle4-cat1,bicycle4,cat1,bicycle4-chair2,bicycle7-cat1,ed,24.148664474487305,18.5078067779541,0,1
resnet50,bicycle4-cat1,bicycle4,cat1,bicycle4-chair2,bicycle6-cat1,ed,24.148664474487305,19.29867172241211,0,1
resnet50,bicycle4-cat1,bicycle4,cat1,bicycle4-chair2,bottle5-cat1,ed,24.148664474487305,22.60205841064453,0,1
resnet50,bicycle4-cat1,bicycle4,cat1,bicycle4-chair2,keyboard5-cat1,ed,24.148664474487305,22.078174591064453,0,1
resnet50,bicycle4-cat1,bicycle4,cat1,bicycle4-chair2,keyboard3-cat1,ed,24.148664474487305,22.352323532104492,0,1
resnet50,bicycle4-cat1,bicycle4,cat1,bicycle4-chair2,keyboard9-cat1,ed,24.148664474487305,22.65760040283203,0,1
resnet50,bicycle4-cat1,bicycle4,cat1,bicycle4-chair2,clock3-cat1,ed,24.148664474487305,20.163938522338867,0,1
resnet50,bicycle4-cat1,bicycle4,cat1,bicycle4-chair2,clock9-cat1,ed,24.148664474487305,21.32000732421875,0,1
resnet50,bicycle4-cat1,bicycle4,cat1,bicycle4-chair2,clock8-cat1,ed,24.148664474487305,22.484081268310547,0,1
resnet50,bicycle4-cat1,bicycle4,cat1,bicycle4-chair2,clock10-cat1,ed,24.148664474487305,20.23181915283203,0,1
resnet50,bicycle4-cat1,bicycle4,cat1,bicycle4-chair2,knife3-cat1,ed,24.148664474487305,22.348859786987305,0,1
resnet50,bicycle4-cat1,bicycle4,cat1,bicycle4-chair2,elephant7-cat1,ed,24.148664474487305,22.452959060668945,0,1
resnet50,bicycle4-cat1,bicycle4,cat1,bicycle4-chair2,elephant8-cat1,ed,24.148664474487305,22.35369110107422,0,1
resnet50,bicycle4-cat1,bicycle4,cat1,bicycle4-chair2,elephant2-cat1,ed,24.148664474487305,23.084089279174805,0,1
resnet50,bicycle4-cat1,bicycle4,cat1,bicycle4-keyboard3,car5-cat1,ed,24.71449851989746,23.412752151489258,0,1
resnet50,bicycle4-cat1,bicycle4,cat1,bicycle4-keyboard3,car9-cat1,ed,24.71449851989746,24.089406967163086,0,1
resnet50,bicycle4-cat1,bicycle4,cat1,bicycle4-keyboard3,car8-cat1,ed,24.71449851989746,23.685815811157227,0,1
resnet50,bicycle4-cat1,bicycle4,cat1,bicycle4-keyboard3,dog2-cat1,ed,24.71449851989746,24.286956787109375,0,1
resnet50,bicycle4-cat1,bicycle4,cat1,bicycle4-keyboard3,dog9-cat1,ed,24.71449851989746,25.508312225341797,1,0
resnet50,bicycle4-cat1,bicycle4,cat1,bicycle4-keyboard3,dog6-cat1,ed,24.71449851989746,23.55219841003418,0,1
resnet50,bicycle4-cat1,bicycle4,cat1,bicycle4-keyboard3,bear3-cat1,ed,24.71449851989746,24.13985824584961,0,1
resnet50,bicycle4-cat1,bicycle4,cat1,bicycle4-keyboard3,boat6-cat1,ed,24.71449851989746,22.397367477416992,0,1
resnet50,bicycle4-cat1,bicycle4,cat1,bicycle4-keyboard3,boat10-cat1,ed,24.71449851989746,22.4505615234375,0,1
resnet50,bicycle4-cat1,bicycle4,cat1,bicycle4-keyboard3,oven7-cat1,ed,24.71449851989746,21.790952682495117,0,1
resnet50,bicycle4-cat1,bicycle4,cat1,bicycle4-keyboard3,oven1-cat1,ed,24.71449851989746,23.356691360473633,0,1
resnet50,bicycle4-cat1,bicycle4,cat1,bicycle4-keyboard3,chair10-cat1,ed,24.71449851989746,20.005340576171875,0,1
resnet50,bicycle4-cat1,bicycle4,cat1,bicycle4-keyboard3,chair7-cat1,ed,24.71449851989746,22.124462127685547,0,1
resnet50,bicycle4-cat1,bicycle4,cat1,bicycle4-keyboard3,truck1-cat1,ed,24.71449851989746,22.8074893951416,0,1
resnet50,bicycle4-cat1,bicycle4,cat1,bicycle4-keyboard3,truck3-cat1,ed,24.71449851989746,22.167423248291016,0,1
resnet50,bicycle4-cat1,bicycle4,cat1,bicycle4-keyboard3,bird10-cat1,ed,24.71449851989746,21.787071228027344,0,1
resnet50,bicycle4-cat1,bicycle4,cat1,bicycle4-keyboard3,bird3-cat1,ed,24.71449851989746,23.02672004699707,0,1
resnet50,bicycle4-cat1,bicycle4,cat1,bicycle4-keyboard3,airplane3-cat1,ed,24.71449851989746,20.257829666137695,0,1
resnet50,bicycle4-cat1,bicycle4,cat1,bicycle4-keyboard3,airplane2-cat1,ed,24.71449851989746,20.874126434326172,0,1
resnet50,bicycle4-cat1,bicycle4,cat1,bicycle4-keyboard3,bicycle5-cat1,ed,24.71449851989746,14.978311538696289,0,1
resnet50,bicycle4-cat1,bicycle4,cat1,bicycle4-keyboard3,bicycle7-cat1,ed,24.71449851989746,18.5078067779541,0,1
resnet50,bicycle4-cat1,bicycle4,cat1,bicycle4-keyboard3,bicycle6-cat1,ed,24.71449851989746,19.29867172241211,0,1
resnet50,bicycle4-cat1,bicycle4,cat1,bicycle4-keyboard3,bottle5-cat1,ed,24.71449851989746,22.60205841064453,0,1
resnet50,bicycle4-cat1,bicycle4,cat1,bicycle4-keyboard3,keyboard5-cat1,ed,24.71449851989746,22.078174591064453,0,1
resnet50,bicycle4-cat1,bicycle4,cat1,bicycle4-keyboard3,keyboard3-cat1,ed,24.71449851989746,22.352323532104492,0,1
resnet50,bicycle4-cat1,bicycle4,cat1,bicycle4-keyboard3,keyboard9-cat1,ed,24.71449851989746,22.65760040283203,0,1
resnet50,bicycle4-cat1,bicycle4,cat1,bicycle4-keyboard3,clock3-cat1,ed,24.71449851989746,20.163938522338867,0,1
resnet50,bicycle4-cat1,bicycle4,cat1,bicycle4-keyboard3,clock9-cat1,ed,24.71449851989746,21.32000732421875,0,1
resnet50,bicycle4-cat1,bicycle4,cat1,bicycle4-keyboard3,clock8-cat1,ed,24.71449851989746,22.484081268310547,0,1
resnet50,bicycle4-cat1,bicycle4,cat1,bicycle4-keyboard3,clock10-cat1,ed,24.71449851989746,20.23181915283203,0,1
resnet50,bicycle4-cat1,bicycle4,cat1,bicycle4-keyboard3,knife3-cat1,ed,24.71449851989746,22.348859786987305,0,1
resnet50,bicycle4-cat1,bicycle4,cat1,bicycle4-keyboard3,elephant7-cat1,ed,24.71449851989746,22.452959060668945,0,1
resnet50,bicycle4-cat1,bicycle4,cat1,bicycle4-keyboard3,elephant8-cat1,ed,24.71449851989746,22.35369110107422,0,1
resnet50,bicycle4-cat1,bicycle4,cat1,bicycle4-keyboard3,elephant2-cat1,ed,24.71449851989746,23.084089279174805,0,1
resnet50,bicycle4-cat1,bicycle4,cat1,bicycle4-clock3,car5-cat1,ed,24.050315856933594,23.412752151489258,0,1
resnet50,bicycle4-cat1,bicycle4,cat1,bicycle4-clock3,car9-cat1,ed,24.050315856933594,24.089406967163086,1,0
resnet50,bicycle4-cat1,bicycle4,cat1,bicycle4-clock3,car8-cat1,ed,24.050315856933594,23.685815811157227,0,1
resnet50,bicycle4-cat1,bicycle4,cat1,bicycle4-clock3,dog2-cat1,ed,24.050315856933594,24.286956787109375,1,0
resnet50,bicycle4-cat1,bicycle4,cat1,bicycle4-clock3,dog9-cat1,ed,24.050315856933594,25.508312225341797,1,0
resnet50,bicycle4-cat1,bicycle4,cat1,bicycle4-clock3,dog6-cat1,ed,24.050315856933594,23.55219841003418,0,1
resnet50,bicycle4-cat1,bicycle4,cat1,bicycle4-clock3,bear3-cat1,ed,24.050315856933594,24.13985824584961,1,0
resnet50,bicycle4-cat1,bicycle4,cat1,bicycle4-clock3,boat6-cat1,ed,24.050315856933594,22.397367477416992,0,1
resnet50,bicycle4-cat1,bicycle4,cat1,bicycle4-clock3,boat10-cat1,ed,24.050315856933594,22.4505615234375,0,1
resnet50,bicycle4-cat1,bicycle4,cat1,bicycle4-clock3,oven7-cat1,ed,24.050315856933594,21.790952682495117,0,1
resnet50,bicycle4-cat1,bicycle4,cat1,bicycle4-clock3,oven1-cat1,ed,24.050315856933594,23.356691360473633,0,1
resnet50,bicycle4-cat1,bicycle4,cat1,bicycle4-clock3,chair10-cat1,ed,24.050315856933594,20.005340576171875,0,1
resnet50,bicycle4-cat1,bicycle4,cat1,bicycle4-clock3,chair7-cat1,ed,24.050315856933594,22.124462127685547,0,1
resnet50,bicycle4-cat1,bicycle4,cat1,bicycle4-clock3,truck1-cat1,ed,24.050315856933594,22.8074893951416,0,1
resnet50,bicycle4-cat1,bicycle4,cat1,bicycle4-clock3,truck3-cat1,ed,24.050315856933594,22.167423248291016,0,1
resnet50,bicycle4-cat1,bicycle4,cat1,bicycle4-clock3,bird10-cat1,ed,24.050315856933594,21.787071228027344,0,1
resnet50,bicycle4-cat1,bicycle4,cat1,bicycle4-clock3,bird3-cat1,ed,24.050315856933594,23.02672004699707,0,1
resnet50,bicycle4-cat1,bicycle4,cat1,bicycle4-clock3,airplane3-cat1,ed,24.050315856933594,20.257829666137695,0,1
resnet50,bicycle4-cat1,bicycle4,cat1,bicycle4-clock3,airplane2-cat1,ed,24.050315856933594,20.874126434326172,0,1
resnet50,bicycle4-cat1,bicycle4,cat1,bicycle4-clock3,bicycle5-cat1,ed,24.050315856933594,14.978311538696289,0,1
resnet50,bicycle4-cat1,bicycle4,cat1,bicycle4-clock3,bicycle7-cat1,ed,24.050315856933594,18.5078067779541,0,1
resnet50,bicycle4-cat1,bicycle4,cat1,bicycle4-clock3,bicycle6-cat1,ed,24.050315856933594,19.29867172241211,0,1
resnet50,bicycle4-cat1,bicycle4,cat1,bicycle4-clock3,bottle5-cat1,ed,24.050315856933594,22.60205841064453,0,1
resnet50,bicycle4-cat1,bicycle4,cat1,bicycle4-clock3,keyboard5-cat1,ed,24.050315856933594,22.078174591064453,0,1
resnet50,bicycle4-cat1,bicycle4,cat1,bicycle4-clock3,keyboard3-cat1,ed,24.050315856933594,22.352323532104492,0,1
resnet50,bicycle4-cat1,bicycle4,cat1,bicycle4-clock3,keyboard9-cat1,ed,24.050315856933594,22.65760040283203,0,1
resnet50,bicycle4-cat1,bicycle4,cat1,bicycle4-clock3,clock3-cat1,ed,24.050315856933594,20.163938522338867,0,1
resnet50,bicycle4-cat1,bicycle4,cat1,bicycle4-clock3,clock9-cat1,ed,24.050315856933594,21.32000732421875,0,1
resnet50,bicycle4-cat1,bicycle4,cat1,bicycle4-clock3,clock8-cat1,ed,24.050315856933594,22.484081268310547,0,1
resnet50,bicycle4-cat1,bicycle4,cat1,bicycle4-clock3,clock10-cat1,ed,24.050315856933594,20.23181915283203,0,1
resnet50,bicycle4-cat1,bicycle4,cat1,bicycle4-clock3,knife3-cat1,ed,24.050315856933594,22.348859786987305,0,1
resnet50,bicycle4-cat1,bicycle4,cat1,bicycle4-clock3,elephant7-cat1,ed,24.050315856933594,22.452959060668945,0,1
resnet50,bicycle4-cat1,bicycle4,cat1,bicycle4-clock3,elephant8-cat1,ed,24.050315856933594,22.35369110107422,0,1
resnet50,bicycle4-cat1,bicycle4,cat1,bicycle4-clock3,elephant2-cat1,ed,24.050315856933594,23.084089279174805,0,1
resnet50,bicycle4-cat1,bicycle4,cat1,bicycle4-oven3,car5-cat1,ed,24.068206787109375,23.412752151489258,0,1
resnet50,bicycle4-cat1,bicycle4,cat1,bicycle4-oven3,car9-cat1,ed,24.068206787109375,24.089406967163086,1,0
resnet50,bicycle4-cat1,bicycle4,cat1,bicycle4-oven3,car8-cat1,ed,24.068206787109375,23.685815811157227,0,1
resnet50,bicycle4-cat1,bicycle4,cat1,bicycle4-oven3,dog2-cat1,ed,24.068206787109375,24.286956787109375,1,0
resnet50,bicycle4-cat1,bicycle4,cat1,bicycle4-oven3,dog9-cat1,ed,24.068206787109375,25.508312225341797,1,0
resnet50,bicycle4-cat1,bicycle4,cat1,bicycle4-oven3,dog6-cat1,ed,24.068206787109375,23.55219841003418,0,1
resnet50,bicycle4-cat1,bicycle4,cat1,bicycle4-oven3,bear3-cat1,ed,24.068206787109375,24.13985824584961,1,0
resnet50,bicycle4-cat1,bicycle4,cat1,bicycle4-oven3,boat6-cat1,ed,24.068206787109375,22.397367477416992,0,1
resnet50,bicycle4-cat1,bicycle4,cat1,bicycle4-oven3,boat10-cat1,ed,24.068206787109375,22.4505615234375,0,1
resnet50,bicycle4-cat1,bicycle4,cat1,bicycle4-oven3,oven7-cat1,ed,24.068206787109375,21.790952682495117,0,1
resnet50,bicycle4-cat1,bicycle4,cat1,bicycle4-oven3,oven1-cat1,ed,24.068206787109375,23.356691360473633,0,1
resnet50,bicycle4-cat1,bicycle4,cat1,bicycle4-oven3,chair10-cat1,ed,24.068206787109375,20.005340576171875,0,1
resnet50,bicycle4-cat1,bicycle4,cat1,bicycle4-oven3,chair7-cat1,ed,24.068206787109375,22.124462127685547,0,1
resnet50,bicycle4-cat1,bicycle4,cat1,bicycle4-oven3,truck1-cat1,ed,24.068206787109375,22.8074893951416,0,1
resnet50,bicycle4-cat1,bicycle4,cat1,bicycle4-oven3,truck3-cat1,ed,24.068206787109375,22.167423248291016,0,1
resnet50,bicycle4-cat1,bicycle4,cat1,bicycle4-oven3,bird10-cat1,ed,24.068206787109375,21.787071228027344,0,1
resnet50,bicycle4-cat1,bicycle4,cat1,bicycle4-oven3,bird3-cat1,ed,24.068206787109375,23.02672004699707,0,1
resnet50,bicycle4-cat1,bicycle4,cat1,bicycle4-oven3,airplane3-cat1,ed,24.068206787109375,20.257829666137695,0,1
resnet50,bicycle4-cat1,bicycle4,cat1,bicycle4-oven3,airplane2-cat1,ed,24.068206787109375,20.874126434326172,0,1
resnet50,bicycle4-cat1,bicycle4,cat1,bicycle4-oven3,bicycle5-cat1,ed,24.068206787109375,14.978311538696289,0,1
resnet50,bicycle4-cat1,bicycle4,cat1,bicycle4-oven3,bicycle7-cat1,ed,24.068206787109375,18.5078067779541,0,1
resnet50,bicycle4-cat1,bicycle4,cat1,bicycle4-oven3,bicycle6-cat1,ed,24.068206787109375,19.29867172241211,0,1
resnet50,bicycle4-cat1,bicycle4,cat1,bicycle4-oven3,bottle5-cat1,ed,24.068206787109375,22.60205841064453,0,1
resnet50,bicycle4-cat1,bicycle4,cat1,bicycle4-oven3,keyboard5-cat1,ed,24.068206787109375,22.078174591064453,0,1
resnet50,bicycle4-cat1,bicycle4,cat1,bicycle4-oven3,keyboard3-cat1,ed,24.068206787109375,22.352323532104492,0,1
resnet50,bicycle4-cat1,bicycle4,cat1,bicycle4-oven3,keyboard9-cat1,ed,24.068206787109375,22.65760040283203,0,1
resnet50,bicycle4-cat1,bicycle4,cat1,bicycle4-oven3,clock3-cat1,ed,24.068206787109375,20.163938522338867,0,1
resnet50,bicycle4-cat1,bicycle4,cat1,bicycle4-oven3,clock9-cat1,ed,24.068206787109375,21.32000732421875,0,1
resnet50,bicycle4-cat1,bicycle4,cat1,bicycle4-oven3,clock8-cat1,ed,24.068206787109375,22.484081268310547,0,1
resnet50,bicycle4-cat1,bicycle4,cat1,bicycle4-oven3,clock10-cat1,ed,24.068206787109375,20.23181915283203,0,1
resnet50,bicycle4-cat1,bicycle4,cat1,bicycle4-oven3,knife3-cat1,ed,24.068206787109375,22.348859786987305,0,1
resnet50,bicycle4-cat1,bicycle4,cat1,bicycle4-oven3,elephant7-cat1,ed,24.068206787109375,22.452959060668945,0,1
resnet50,bicycle4-cat1,bicycle4,cat1,bicycle4-oven3,elephant8-cat1,ed,24.068206787109375,22.35369110107422,0,1
resnet50,bicycle4-cat1,bicycle4,cat1,bicycle4-oven3,elephant2-cat1,ed,24.068206787109375,23.084089279174805,0,1
resnet50,bicycle4-cat1,bicycle4,cat1,bicycle4-bottle1,car5-cat1,ed,25.682579040527344,23.412752151489258,0,1
resnet50,bicycle4-cat1,bicycle4,cat1,bicycle4-bottle1,car9-cat1,ed,25.682579040527344,24.089406967163086,0,1
resnet50,bicycle4-cat1,bicycle4,cat1,bicycle4-bottle1,car8-cat1,ed,25.682579040527344,23.685815811157227,0,1
resnet50,bicycle4-cat1,bicycle4,cat1,bicycle4-bottle1,dog2-cat1,ed,25.682579040527344,24.286956787109375,0,1
resnet50,bicycle4-cat1,bicycle4,cat1,bicycle4-bottle1,dog9-cat1,ed,25.682579040527344,25.508312225341797,0,1
resnet50,bicycle4-cat1,bicycle4,cat1,bicycle4-bottle1,dog6-cat1,ed,25.682579040527344,23.55219841003418,0,1
resnet50,bicycle4-cat1,bicycle4,cat1,bicycle4-bottle1,bear3-cat1,ed,25.682579040527344,24.13985824584961,0,1
resnet50,bicycle4-cat1,bicycle4,cat1,bicycle4-bottle1,boat6-cat1,ed,25.682579040527344,22.397367477416992,0,1
resnet50,bicycle4-cat1,bicycle4,cat1,bicycle4-bottle1,boat10-cat1,ed,25.682579040527344,22.4505615234375,0,1
resnet50,bicycle4-cat1,bicycle4,cat1,bicycle4-bottle1,oven7-cat1,ed,25.682579040527344,21.790952682495117,0,1
resnet50,bicycle4-cat1,bicycle4,cat1,bicycle4-bottle1,oven1-cat1,ed,25.682579040527344,23.356691360473633,0,1
resnet50,bicycle4-cat1,bicycle4,cat1,bicycle4-bottle1,chair10-cat1,ed,25.682579040527344,20.005340576171875,0,1
resnet50,bicycle4-cat1,bicycle4,cat1,bicycle4-bottle1,chair7-cat1,ed,25.682579040527344,22.124462127685547,0,1
resnet50,bicycle4-cat1,bicycle4,cat1,bicycle4-bottle1,truck1-cat1,ed,25.682579040527344,22.8074893951416,0,1
resnet50,bicycle4-cat1,bicycle4,cat1,bicycle4-bottle1,truck3-cat1,ed,25.682579040527344,22.167423248291016,0,1
resnet50,bicycle4-cat1,bicycle4,cat1,bicycle4-bottle1,bird10-cat1,ed,25.682579040527344,21.787071228027344,0,1
resnet50,bicycle4-cat1,bicycle4,cat1,bicycle4-bottle1,bird3-cat1,ed,25.682579040527344,23.02672004699707,0,1
resnet50,bicycle4-cat1,bicycle4,cat1,bicycle4-bottle1,airplane3-cat1,ed,25.682579040527344,20.257829666137695,0,1
resnet50,bicycle4-cat1,bicycle4,cat1,bicycle4-bottle1,airplane2-cat1,ed,25.682579040527344,20.874126434326172,0,1
resnet50,bicycle4-cat1,bicycle4,cat1,bicycle4-bottle1,bicycle5-cat1,ed,25.682579040527344,14.978311538696289,0,1
resnet50,bicycle4-cat1,bicycle4,cat1,bicycle4-bottle1,bicycle7-cat1,ed,25.682579040527344,18.5078067779541,0,1
resnet50,bicycle4-cat1,bicycle4,cat1,bicycle4-bottle1,bicycle6-cat1,ed,25.682579040527344,19.29867172241211,0,1
resnet50,bicycle4-cat1,bicycle4,cat1,bicycle4-bottle1,bottle5-cat1,ed,25.682579040527344,22.60205841064453,0,1
resnet50,bicycle4-cat1,bicycle4,cat1,bicycle4-bottle1,keyboard5-cat1,ed,25.682579040527344,22.078174591064453,0,1
resnet50,bicycle4-cat1,bicycle4,cat1,bicycle4-bottle1,keyboard3-cat1,ed,25.682579040527344,22.352323532104492,0,1
resnet50,bicycle4-cat1,bicycle4,cat1,bicycle4-bottle1,keyboard9-cat1,ed,25.682579040527344,22.65760040283203,0,1
resnet50,bicycle4-cat1,bicycle4,cat1,bicycle4-bottle1,clock3-cat1,ed,25.682579040527344,20.163938522338867,0,1
resnet50,bicycle4-cat1,bicycle4,cat1,bicycle4-bottle1,clock9-cat1,ed,25.682579040527344,21.32000732421875,0,1
resnet50,bicycle4-cat1,bicycle4,cat1,bicycle4-bottle1,clock8-cat1,ed,25.682579040527344,22.484081268310547,0,1
resnet50,bicycle4-cat1,bicycle4,cat1,bicycle4-bottle1,clock10-cat1,ed,25.682579040527344,20.23181915283203,0,1
resnet50,bicycle4-cat1,bicycle4,cat1,bicycle4-bottle1,knife3-cat1,ed,25.682579040527344,22.348859786987305,0,1
resnet50,bicycle4-cat1,bicycle4,cat1,bicycle4-bottle1,elephant7-cat1,ed,25.682579040527344,22.452959060668945,0,1
resnet50,bicycle4-cat1,bicycle4,cat1,bicycle4-bottle1,elephant8-cat1,ed,25.682579040527344,22.35369110107422,0,1
resnet50,bicycle4-cat1,bicycle4,cat1,bicycle4-bottle1,elephant2-cat1,ed,25.682579040527344,23.084089279174805,0,1
